[0.1, 0.2, 0.2, 0.95, 0.85, 64, -1, 0.5]
[0.30000000000000004, 0.2, 0.2, 0.95, 0.85, 64, -1, 0.5]
[0.5, 0.2, 0.2, 0.95, 0.85, 64, 0, 0.5003]
[0.7000000000000001, 0.2, 0.2, 0.95, 0.85, 64, 0, 0.5465]
[0.9, 0.2, 0.2, 0.95, 0.85, 64, 0, 0.5137]
[0.1, 0.2, 0.2, 0.95, 0.85, 256, -1, 0.5]
[0.30000000000000004, 0.2, 0.2, 0.95, 0.85, 256, 0, 0.62765]
[0.5, 0.2, 0.2, 0.95, 0.85, 256, 0, 0.76505]
[0.7000000000000001, 0.2, 0.2, 0.95, 0.85, 256, 1, 0.92565]
[0.9, 0.2, 0.2, 0.95, 0.85, 256, 0, 0.88815]
[0.1, 0.2, 0.2, 0.95, 0.85, 576, 0, 0.5274]
[0.30000000000000004, 0.2, 0.2, 0.95, 0.85, 576, 1, 0.81125]
[0.5, 0.2, 0.2, 0.95, 0.85, 576, 7, 0.93515]
[0.7000000000000001, 0.2, 0.2, 0.95, 0.85, 576, 8, 0.93755]
[0.9, 0.2, 0.2, 0.95, 0.85, 576, 0, 0.77535]
[0.1, 0.2, 0.2, 0.95, 0.85, 128, 0, 0.52475]
[0.30000000000000004, 0.2, 0.2, 0.95, 0.85, 128, 0, 0.69205]
[0.5, 0.2, 0.2, 0.95, 0.85, 128, 1, 0.7241]
[0.7000000000000001, 0.2, 0.2, 0.95, 0.85, 128, 1, 0.64805]
[0.9, 0.2, 0.2, 0.95, 0.85, 128, 0, 0.53955]
[0.1, 0.2, 0.2, 0.95, 0.85, 512, 5, 0.79085]
[0.30000000000000004, 0.2, 0.2, 0.95, 0.85, 512, 19, 0.83825]
[0.5, 0.2, 0.2, 0.95, 0.85, 512, 27, 0.8443]
[0.7000000000000001, 0.2, 0.2, 0.95, 0.85, 512, 24, 0.8078]
[0.9, 0.2, 0.2, 0.95, 0.85, 512, 8, 0.6249]
[0.1, 0.2, 0.2, 0.95, 0.85, 1152, 18, 0.7151]
[0.30000000000000004, 0.2, 0.2, 0.95, 0.85, 1152, 59, 0.8367]
[0.5, 0.2, 0.2, 0.95, 0.85, 1152, 77, 0.8513]
[0.7000000000000001, 0.2, 0.2, 0.95, 0.85, 1152, 72, 0.82785]
[0.9, 0.2, 0.2, 0.95, 0.85, 1152, 33, 0.728]
[0.1, 0.2, 0.2, 0.95, 0.85, 256, 1, 0.69845]
[0.30000000000000004, 0.2, 0.2, 0.95, 0.85, 256, 9, 0.76775]
[0.5, 0.2, 0.2, 0.95, 0.85, 256, 12, 0.77515]
[0.7000000000000001, 0.2, 0.2, 0.95, 0.85, 256, 8, 0.67745]
[0.9, 0.2, 0.2, 0.95, 0.85, 256, 2, 0.56785]
[0.1, 0.2, 0.2, 0.95, 0.85, 1024, 25, 0.805]
[0.30000000000000004, 0.2, 0.2, 0.95, 0.85, 1024, 60, 0.81395]
[0.5, 0.2, 0.2, 0.95, 0.85, 1024, 71, 0.82245]
[0.7000000000000001, 0.2, 0.2, 0.95, 0.85, 1024, 61, 0.80635]
[0.9, 0.2, 0.2, 0.95, 0.85, 1024, 25, 0.7448]
[0.1, 0.2, 0.2, 0.95, 0.85, 2304, 74, 0.5875]
[0.30000000000000004, 0.2, 0.2, 0.95, 0.85, 2304, 174, 0.79065]
[0.5, 0.2, 0.2, 0.95, 0.85, 2304, 204, 0.84695]
[0.7000000000000001, 0.2, 0.2, 0.95, 0.85, 2304, 172, 0.8702]
[0.9, 0.2, 0.2, 0.95, 0.85, 2304, 74, 0.81085]
[0.1, 0.2, 0.2, 0.95, 0.85, 512, -1, 0.5]
[0.30000000000000004, 0.2, 0.2, 0.95, 0.85, 512, 0, 0.56455]
[0.5, 0.2, 0.2, 0.95, 0.85, 512, 0, 0.68945]
[0.7000000000000001, 0.2, 0.2, 0.95, 0.85, 512, 0, 0.78195]
[0.9, 0.2, 0.2, 0.95, 0.85, 512, 0, 0.82435]
[0.1, 0.2, 0.2, 0.95, 0.85, 2048, 16, 0.7676]
[0.30000000000000004, 0.2, 0.2, 0.95, 0.85, 2048, 16, 0.7676]
[0.5, 0.2, 0.2, 0.95, 0.85, 2048, 15, 0.85565]
[0.7000000000000001, 0.2, 0.2, 0.95, 0.85, 2048, 6, 0.8564]
[0.9, 0.2, 0.2, 0.95, 0.85, 2048, 1, 0.94905]
[0.1, 0.2, 0.2, 0.95, 0.85, 4608, 52, 0.80425]
[0.30000000000000004, 0.2, 0.2, 0.95, 0.85, 4608, 52, 0.80425]
[0.5, 0.2, 0.2, 0.95, 0.85, 4608, 52, 0.80425]
[0.7000000000000001, 0.2, 0.2, 0.95, 0.85, 4608, 58, 0.8867]
[0.9, 0.2, 0.2, 0.95, 0.85, 4608, 9, 0.8852]
[0.1, 0.2, 0.2, 0.95, 0.85, 256, 0, 0.9063]
[0.30000000000000004, 0.2, 0.2, 0.95, 0.85, 256, 0, 0.9063]
[0.5, 0.2, 0.2, 0.95, 0.85, 256, 0, 0.9063]
[0.7000000000000001, 0.2, 0.2, 0.95, 0.85, 256, 0, 0.9063]
[0.9, 0.2, 0.2, 0.95, 0.85, 256, 0, 0.72395]
[0.1, 0.2, 0.2, 0.95, 0.85, 256, 0, 0.8356]
[0.30000000000000004, 0.2, 0.2, 0.95, 0.85, 256, 0, 0.8356]
[0.5, 0.2, 0.2, 0.95, 0.85, 256, 0, 0.8356]
[0.7000000000000001, 0.2, 0.2, 0.95, 0.85, 256, 0, 0.92515]
[0.9, 0.2, 0.2, 0.95, 0.85, 256, 0, 0.54725]
