[0.1, 0.2, 0.2, 0.95, 0.85, 64, -1, 0.5]
[0.30000000000000004, 0.2, 0.2, 0.95, 0.85, 64, 0, 0.500267036957915]
[0.5, 0.2, 0.2, 0.95, 0.85, 64, -1, 0.5]
[0.7000000000000001, 0.2, 0.2, 0.95, 0.85, 64, 0, 0.5116428113650929]
[0.9, 0.2, 0.2, 0.95, 0.85, 64, 0, 0.5285195471053193]
[0.1, 0.2, 0.2, 0.95, 0.85, 256, 0, 0.5030976287118137]
[0.30000000000000004, 0.2, 0.2, 0.95, 0.85, 256, 0, 0.7927793206579791]
[0.5, 0.2, 0.2, 0.95, 0.85, 256, 0, 0.7383571886349071]
[0.7000000000000001, 0.2, 0.2, 0.95, 0.85, 256, 0, 0.7404934842982269]
[0.9, 0.2, 0.2, 0.95, 0.85, 256, 0, 0.684629352702414]
[0.1, 0.2, 0.2, 0.95, 0.85, 576, 0, 0.5522324289681692]
[0.30000000000000004, 0.2, 0.2, 0.95, 0.85, 576, 4, 0.8762550737022003]
[0.5, 0.2, 0.2, 0.95, 0.85, 576, 8, 0.8952681051057466]
[0.7000000000000001, 0.2, 0.2, 0.95, 0.85, 576, 6, 0.8730506302072207]
[0.9, 0.2, 0.2, 0.95, 0.85, 576, 2, 0.8574022644734031]
[0.1, 0.2, 0.2, 0.95, 0.85, 128, 0, 0.609164708395642]
[0.30000000000000004, 0.2, 0.2, 0.95, 0.85, 128, 1, 0.7460478530228584]
[0.5, 0.2, 0.2, 0.95, 0.85, 128, 1, 0.7949156163212988]
[0.7000000000000001, 0.2, 0.2, 0.95, 0.85, 128, 1, 0.7694936979277932]
[0.9, 0.2, 0.2, 0.95, 0.85, 128, 0, 0.6721320230719932]
[0.1, 0.2, 0.2, 0.95, 0.85, 512, 6, 0.8187887203588977]
[0.30000000000000004, 0.2, 0.2, 0.95, 0.85, 512, 21, 0.8544648579363384]
[0.5, 0.2, 0.2, 0.95, 0.85, 512, 29, 0.8734778893398847]
[0.7000000000000001, 0.2, 0.2, 0.95, 0.85, 512, 28, 0.8319803460798975]
[0.9, 0.2, 0.2, 0.95, 0.85, 512, 11, 0.7152317880794702]
[0.1, 0.2, 0.2, 0.95, 0.85, 1152, 21, 0.9150288399914548]
[0.30000000000000004, 0.2, 0.2, 0.95, 0.85, 1152, 67, 0.9149754325998718]
[0.5, 0.2, 0.2, 0.95, 0.85, 1152, 90, 0.9008224738303782]
[0.7000000000000001, 0.2, 0.2, 0.95, 0.85, 1152, 86, 0.8731040375988037]
[0.9, 0.2, 0.2, 0.95, 0.85, 1152, 39, 0.7794808801538133]
[0.1, 0.2, 0.2, 0.95, 0.85, 256, 0, 0.6457487716299936]
[0.30000000000000004, 0.2, 0.2, 0.95, 0.85, 256, 9, 0.7648472548600727]
[0.5, 0.2, 0.2, 0.95, 0.85, 256, 12, 0.7776650288399914]
[0.7000000000000001, 0.2, 0.2, 0.95, 0.85, 256, 10, 0.7368617816705832]
[0.9, 0.2, 0.2, 0.95, 0.85, 256, 3, 0.6446272164067507]
[0.1, 0.2, 0.2, 0.95, 0.85, 1024, 25, 0.7854091006195257]
[0.30000000000000004, 0.2, 0.2, 0.95, 0.85, 1024, 66, 0.8681905575731681]
[0.5, 0.2, 0.2, 0.95, 0.85, 1024, 83, 0.9005020294808802]
[0.7000000000000001, 0.2, 0.2, 0.95, 0.85, 1024, 73, 0.8960692159794915]
[0.9, 0.2, 0.2, 0.95, 0.85, 1024, 29, 0.8223670155949584]
[0.1, 0.2, 0.2, 0.95, 0.85, 2304, 101, 0.7897350993377483]
[0.30000000000000004, 0.2, 0.2, 0.95, 0.85, 2304, 199, 0.8637043366801965]
[0.5, 0.2, 0.2, 0.95, 0.85, 2304, 232, 0.913426618243965]
[0.7000000000000001, 0.2, 0.2, 0.95, 0.85, 2304, 200, 0.9257103183080538]
[0.9, 0.2, 0.2, 0.95, 0.85, 2304, 83, 0.8819162572099979]
[0.1, 0.2, 0.2, 0.95, 0.85, 512, -1, 0.5]
[0.30000000000000004, 0.2, 0.2, 0.95, 0.85, 512, 0, 0.5492416150395215]
[0.5, 0.2, 0.2, 0.95, 0.85, 512, 0, 0.6877269814142277]
[0.7000000000000001, 0.2, 0.2, 0.95, 0.85, 512, 0, 0.8082140568254647]
[0.9, 0.2, 0.2, 0.95, 0.85, 512, 0, 0.8924375133518478]
[0.1, 0.2, 0.2, 0.95, 0.85, 2048, 18, 0.8134479812005981]
[0.30000000000000004, 0.2, 0.2, 0.95, 0.85, 2048, 18, 0.8134479812005981]
[0.5, 0.2, 0.2, 0.95, 0.85, 2048, 14, 0.8232749412518693]
[0.7000000000000001, 0.2, 0.2, 0.95, 0.85, 2048, 7, 0.8736915189062167]
[0.9, 0.2, 0.2, 0.95, 0.85, 2048, 1, 0.9588229010895107]
[0.1, 0.2, 0.2, 0.95, 0.85, 4608, 64, 0.8871501815851314]
[0.30000000000000004, 0.2, 0.2, 0.95, 0.85, 4608, 64, 0.8871501815851314]
[0.5, 0.2, 0.2, 0.95, 0.85, 4608, 64, 0.8871501815851314]
[0.7000000000000001, 0.2, 0.2, 0.95, 0.85, 4608, 59, 0.8853343302713096]
[0.9, 0.2, 0.2, 0.95, 0.85, 4608, 10, 0.9014099551377911]
[0.1, 0.2, 0.2, 0.95, 0.85, 256, 0, 0.8943067720572527]
[0.30000000000000004, 0.2, 0.2, 0.95, 0.85, 256, 0, 0.8943067720572527]
[0.5, 0.2, 0.2, 0.95, 0.85, 256, 0, 0.8943067720572527]
[0.7000000000000001, 0.2, 0.2, 0.95, 0.85, 256, 0, 0.8943067720572527]
[0.9, 0.2, 0.2, 0.95, 0.85, 256, 0, 0.8073061311685538]
[0.1, 0.2, 0.2, 0.95, 0.85, 256, 0, 0.8339030121768852]
[0.30000000000000004, 0.2, 0.2, 0.95, 0.85, 256, 0, 0.8339030121768852]
[0.5, 0.2, 0.2, 0.95, 0.85, 256, 0, 0.8339030121768852]
[0.7000000000000001, 0.2, 0.2, 0.95, 0.85, 256, 0, 0.9006622516556292]
[0.9, 0.2, 0.2, 0.95, 0.85, 256, 0, 0.5993911557359538]
