[0.1, 0.2, 0.2, 0.95, 0.85, 64, 0, 0.98915]
[0.30000000000000004, 0.2, 0.2, 0.95, 0.85, 64, 0, 0.9997]
[0.5, 0.2, 0.2, 0.95, 0.85, 64, 0, 0.54465]
[0.7000000000000001, 0.2, 0.2, 0.95, 0.85, 64, -1, 0.5]
[0.9, 0.2, 0.2, 0.95, 0.85, 64, -1, 0.5]
[0.1, 0.2, 0.2, 0.95, 0.85, 256, 0, 0.99795]
[0.30000000000000004, 0.2, 0.2, 0.95, 0.85, 256, 5, 0.9998]
[0.5, 0.2, 0.2, 0.95, 0.85, 256, 0, 0.8819]
[0.7000000000000001, 0.2, 0.2, 0.95, 0.85, 256, -1, 0.5]
[0.9, 0.2, 0.2, 0.95, 0.85, 256, 0, 0.5352]
[0.1, 0.2, 0.2, 0.95, 0.85, 576, 0, 0.50535]
[0.30000000000000004, 0.2, 0.2, 0.95, 0.85, 576, 13, 0.9974]
[0.5, 0.2, 0.2, 0.95, 0.85, 576, 3, 0.80495]
[0.7000000000000001, 0.2, 0.2, 0.95, 0.85, 576, -1, 0.5]
[0.9, 0.2, 0.2, 0.95, 0.85, 576, 1, 0.88535]
[0.1, 0.2, 0.2, 0.95, 0.85, 128, 0, 0.6802]
[0.30000000000000004, 0.2, 0.2, 0.95, 0.85, 128, 0, 0.87025]
[0.5, 0.2, 0.2, 0.95, 0.85, 128, 1, 0.9125]
[0.7000000000000001, 0.2, 0.2, 0.95, 0.85, 128, 4, 0.99075]
[0.9, 0.2, 0.2, 0.95, 0.85, 128, 2, 0.98075]
[0.1, 0.2, 0.2, 0.95, 0.85, 512, 2, 0.60025]
[0.30000000000000004, 0.2, 0.2, 0.95, 0.85, 512, 22, 0.93145]
[0.5, 0.2, 0.2, 0.95, 0.85, 512, 33, 0.9772]
[0.7000000000000001, 0.2, 0.2, 0.95, 0.85, 512, 38, 0.98935]
[0.9, 0.2, 0.2, 0.95, 0.85, 512, 19, 0.96395]
[0.1, 0.2, 0.2, 0.95, 0.85, 1152, 8, 0.51525]
[0.30000000000000004, 0.2, 0.2, 0.95, 0.85, 1152, 69, 0.97525]
[0.5, 0.2, 0.2, 0.95, 0.85, 1152, 105, 0.9926]
[0.7000000000000001, 0.2, 0.2, 0.95, 0.85, 1152, 108, 0.99205]
[0.9, 0.2, 0.2, 0.95, 0.85, 1152, 53, 0.9709]
[0.1, 0.2, 0.2, 0.95, 0.85, 256, 1, 0.8006]
[0.30000000000000004, 0.2, 0.2, 0.95, 0.85, 256, 6, 0.6462]
[0.5, 0.2, 0.2, 0.95, 0.85, 256, 10, 0.7555]
[0.7000000000000001, 0.2, 0.2, 0.95, 0.85, 256, 8, 0.75035]
[0.9, 0.2, 0.2, 0.95, 0.85, 256, 0, 0.5715]
[0.1, 0.2, 0.2, 0.95, 0.85, 1024, 29, 0.9691]
[0.30000000000000004, 0.2, 0.2, 0.95, 0.85, 1024, 73, 0.97075]
[0.5, 0.2, 0.2, 0.95, 0.85, 1024, 92, 0.9741]
[0.7000000000000001, 0.2, 0.2, 0.95, 0.85, 1024, 62, 0.86375]
[0.9, 0.2, 0.2, 0.95, 0.85, 1024, 28, 0.82655]
[0.1, 0.2, 0.2, 0.95, 0.85, 2304, 102, 0.8961]
[0.30000000000000004, 0.2, 0.2, 0.95, 0.85, 2304, 220, 0.97805]
[0.5, 0.2, 0.2, 0.95, 0.85, 2304, 243, 0.96985]
[0.7000000000000001, 0.2, 0.2, 0.95, 0.85, 2304, 194, 0.9525]
[0.9, 0.2, 0.2, 0.95, 0.85, 2304, 89, 0.91215]
[0.1, 0.2, 0.2, 0.95, 0.85, 512, -1, 0.5]
[0.30000000000000004, 0.2, 0.2, 0.95, 0.85, 512, -1, 0.5]
[0.5, 0.2, 0.2, 0.95, 0.85, 512, 0, 0.5234]
[0.7000000000000001, 0.2, 0.2, 0.95, 0.85, 512, 0, 0.638]
[0.9, 0.2, 0.2, 0.95, 0.85, 512, 0, 0.664]
[0.1, 0.2, 0.2, 0.95, 0.85, 2048, 14, 0.7788]
[0.30000000000000004, 0.2, 0.2, 0.95, 0.85, 2048, 13, 0.7365]
[0.5, 0.2, 0.2, 0.95, 0.85, 2048, 5, 0.6464]
[0.7000000000000001, 0.2, 0.2, 0.95, 0.85, 2048, 3, 0.7688]
[0.9, 0.2, 0.2, 0.95, 0.85, 2048, 0, 0.7673]
[0.1, 0.2, 0.2, 0.95, 0.85, 4608, 74, 0.9401]
[0.30000000000000004, 0.2, 0.2, 0.95, 0.85, 4608, 74, 0.9401]
[0.5, 0.2, 0.2, 0.95, 0.85, 4608, 74, 0.9401]
[0.7000000000000001, 0.2, 0.2, 0.95, 0.85, 4608, 44, 0.8012]
[0.9, 0.2, 0.2, 0.95, 0.85, 4608, 6, 0.8618]
[0.1, 0.2, 0.2, 0.95, 0.85, 256, 0, 0.83015]
[0.30000000000000004, 0.2, 0.2, 0.95, 0.85, 256, 0, 0.83015]
[0.5, 0.2, 0.2, 0.95, 0.85, 256, 0, 0.83015]
[0.7000000000000001, 0.2, 0.2, 0.95, 0.85, 256, 0, 0.83015]
[0.9, 0.2, 0.2, 0.95, 0.85, 256, 0, 0.5772]
[0.1, 0.2, 0.2, 0.95, 0.85, 256, 0, 0.8807]
[0.30000000000000004, 0.2, 0.2, 0.95, 0.85, 256, 0, 0.8807]
[0.5, 0.2, 0.2, 0.95, 0.85, 256, 0, 0.8807]
[0.7000000000000001, 0.2, 0.2, 0.95, 0.85, 256, 0, 0.8648]
[0.9, 0.2, 0.2, 0.95, 0.85, 256, 0, 0.52215]