[0.1, 0.2, 0.2, 0.95, 0.85, 64, -1, 0.5]
[0.30000000000000004, 0.2, 0.2, 0.95, 0.85, 64, -1, 0.5]
[0.5, 0.2, 0.2, 0.95, 0.85, 64, -1, 0.5]
[0.7000000000000001, 0.2, 0.2, 0.95, 0.85, 64, 0, 0.93305]
[0.9, 0.2, 0.2, 0.95, 0.85, 64, 0, 0.99325]
[0.1, 0.2, 0.2, 0.95, 0.85, 256, -1, 0.5]
[0.30000000000000004, 0.2, 0.2, 0.95, 0.85, 256, -1, 0.5]
[0.5, 0.2, 0.2, 0.95, 0.85, 256, -1, 0.5]
[0.7000000000000001, 0.2, 0.2, 0.95, 0.85, 256, 4, 0.90775]
[0.9, 0.2, 0.2, 0.95, 0.85, 256, 4, 0.9919]
[0.1, 0.2, 0.2, 0.95, 0.85, 576, 4, 0.54555]
[0.30000000000000004, 0.2, 0.2, 0.95, 0.85, 576, 11, 0.5457]
[0.5, 0.2, 0.2, 0.95, 0.85, 576, 16, 0.5488]
[0.7000000000000001, 0.2, 0.2, 0.95, 0.85, 576, 14, 0.9128]
[0.9, 0.2, 0.2, 0.95, 0.85, 576, 10, 0.98575]
[0.1, 0.2, 0.2, 0.95, 0.85, 128, 0, 0.5333]
[0.30000000000000004, 0.2, 0.2, 0.95, 0.85, 128, 0, 0.6098]
[0.5, 0.2, 0.2, 0.95, 0.85, 128, 1, 0.59095]
[0.7000000000000001, 0.2, 0.2, 0.95, 0.85, 128, 1, 0.55725]
[0.9, 0.2, 0.2, 0.95, 0.85, 128, -1, 0.5]
[0.1, 0.2, 0.2, 0.95, 0.85, 512, 1, 0.6188]
[0.30000000000000004, 0.2, 0.2, 0.95, 0.85, 512, 28, 0.52595]
[0.5, 0.2, 0.2, 0.95, 0.85, 512, 9, 0.50265]
[0.7000000000000001, 0.2, 0.2, 0.95, 0.85, 512, 2, 0.5004]
[0.9, 0.2, 0.2, 0.95, 0.85, 512, 1, 0.50085]
[0.1, 0.2, 0.2, 0.95, 0.85, 1152, 9, 0.67235]
[0.30000000000000004, 0.2, 0.2, 0.95, 0.85, 1152, 79, 0.5415]
[0.5, 0.2, 0.2, 0.95, 0.85, 1152, 131, 0.5069]
[0.7000000000000001, 0.2, 0.2, 0.95, 0.85, 1152, 18, 0.5006]
[0.9, 0.2, 0.2, 0.95, 0.85, 1152, 5, 0.5004]
[0.1, 0.2, 0.2, 0.95, 0.85, 256, 0, 0.71755]
[0.30000000000000004, 0.2, 0.2, 0.95, 0.85, 256, 3, 0.75655]
[0.5, 0.2, 0.2, 0.95, 0.85, 256, 11, 0.8176]
[0.7000000000000001, 0.2, 0.2, 0.95, 0.85, 256, 13, 0.84435]
[0.9, 0.2, 0.2, 0.95, 0.85, 256, 3, 0.6557]
[0.1, 0.2, 0.2, 0.95, 0.85, 1024, 5, 0.6644]
[0.30000000000000004, 0.2, 0.2, 0.95, 0.85, 1024, 38, 0.60055]
[0.5, 0.2, 0.2, 0.95, 0.85, 1024, 90, 0.6211]
[0.7000000000000001, 0.2, 0.2, 0.95, 0.85, 1024, 83, 0.70705]
[0.9, 0.2, 0.2, 0.95, 0.85, 1024, 36, 0.61585]
[0.1, 0.2, 0.2, 0.95, 0.85, 2304, 17, 0.54175]
[0.30000000000000004, 0.2, 0.2, 0.95, 0.85, 2304, 106, 0.5444]
[0.5, 0.2, 0.2, 0.95, 0.85, 2304, 204, 0.59055]
[0.7000000000000001, 0.2, 0.2, 0.95, 0.85, 2304, 209, 0.61055]
[0.9, 0.2, 0.2, 0.95, 0.85, 2304, 100, 0.6094]
[0.1, 0.2, 0.2, 0.95, 0.85, 512, -1, 0.5]
[0.30000000000000004, 0.2, 0.2, 0.95, 0.85, 512, 6, 0.51815]
[0.5, 0.2, 0.2, 0.95, 0.85, 512, 19, 0.5697]
[0.7000000000000001, 0.2, 0.2, 0.95, 0.85, 512, 22, 0.58]
[0.9, 0.2, 0.2, 0.95, 0.85, 512, 11, 0.61985]
[0.1, 0.2, 0.2, 0.95, 0.85, 2048, 17, 0.5012]
[0.30000000000000004, 0.2, 0.2, 0.95, 0.85, 2048, 71, 0.50615]
[0.5, 0.2, 0.2, 0.95, 0.85, 2048, 129, 0.5134]
[0.7000000000000001, 0.2, 0.2, 0.95, 0.85, 2048, 119, 0.5147]
[0.9, 0.2, 0.2, 0.95, 0.85, 2048, 80, 0.574]
[0.1, 0.2, 0.2, 0.95, 0.85, 4608, 139, 0.5035]
[0.30000000000000004, 0.2, 0.2, 0.95, 0.85, 4608, 179, 0.5044]
[0.5, 0.2, 0.2, 0.95, 0.85, 4608, 337, 0.5155]
[0.7000000000000001, 0.2, 0.2, 0.95, 0.85, 4608, 365, 0.5169]
[0.9, 0.2, 0.2, 0.95, 0.85, 4608, 190, 0.55965]
[0.1, 0.2, 0.2, 0.95, 0.85, 512, 1, 0.56725]
[0.30000000000000004, 0.2, 0.2, 0.95, 0.85, 512, 1, 0.56725]
[0.5, 0.2, 0.2, 0.95, 0.85, 512, 1, 0.56725]
[0.7000000000000001, 0.2, 0.2, 0.95, 0.85, 512, 1, 0.56725]
[0.9, 0.2, 0.2, 0.95, 0.85, 512, 1, 0.56725]
[0.1, 0.2, 0.2, 0.95, 0.85, 2048, 9, 0.68605]
[0.30000000000000004, 0.2, 0.2, 0.95, 0.85, 2048, 9, 0.68605]
[0.5, 0.2, 0.2, 0.95, 0.85, 2048, 9, 0.68605]
[0.7000000000000001, 0.2, 0.2, 0.95, 0.85, 2048, 9, 0.68605]
[0.9, 0.2, 0.2, 0.95, 0.85, 2048, 9, 0.68605]
[0.1, 0.2, 0.2, 0.95, 0.85, 4608, 20, 0.6747]
[0.30000000000000004, 0.2, 0.2, 0.95, 0.85, 4608, 20, 0.6747]
[0.5, 0.2, 0.2, 0.95, 0.85, 4608, 20, 0.6747]
[0.7000000000000001, 0.2, 0.2, 0.95, 0.85, 4608, 20, 0.6747]
[0.9, 0.2, 0.2, 0.95, 0.85, 4608, 20, 0.6747]
[0.1, 0.2, 0.2, 0.95, 0.85, 4096, 15, 0.5975]
[0.30000000000000004, 0.2, 0.2, 0.95, 0.85, 4096, 15, 0.5975]
[0.5, 0.2, 0.2, 0.95, 0.85, 4096, 15, 0.5975]
[0.7000000000000001, 0.2, 0.2, 0.95, 0.85, 4096, 15, 0.5975]
[0.9, 0.2, 0.2, 0.95, 0.85, 4096, 15, 0.5975]
[0.1, 0.2, 0.2, 0.95, 0.85, 4096, 97, 0.74625]
[0.30000000000000004, 0.2, 0.2, 0.95, 0.85, 4096, 97, 0.74625]
[0.5, 0.2, 0.2, 0.95, 0.85, 4096, 97, 0.74625]
[0.7000000000000001, 0.2, 0.2, 0.95, 0.85, 4096, 97, 0.74625]
[0.9, 0.2, 0.2, 0.95, 0.85, 4096, 91, 0.7176]
