[0.1, 0.2, 0.2, 0.95, 0.85, 64, -1, 0.5]                                        0
[0.30000000000000004, 0.2, 0.2, 0.95, 0.85, 64, -1, 0.5]
[0.5, 0.2, 0.2, 0.95, 0.85, 64, 0, 0.7148]
[0.7000000000000001, 0.2, 0.2, 0.95, 0.85, 64, -1, 0.5]
[0.9, 0.2, 0.2, 0.95, 0.85, 64, 0, 0.51725]
[0.1, 0.2, 0.2, 0.95, 0.85, 256, -1, 0.5]
[0.30000000000000004, 0.2, 0.2, 0.95, 0.85, 256, 1, 0.5052]
[0.5, 0.2, 0.2, 0.95, 0.85, 256, 1, 0.503]
[0.7000000000000001, 0.2, 0.2, 0.95, 0.85, 256, -1, 0.5]
[0.9, 0.2, 0.2, 0.95, 0.85, 256, 0, 0.55835]
[0.1, 0.2, 0.2, 0.95, 0.85, 576, 4, 0.5457]
[0.30000000000000004, 0.2, 0.2, 0.95, 0.85, 576, 12, 0.5317]
[0.5, 0.2, 0.2, 0.95, 0.85, 576, 5, 0.9484]
[0.7000000000000001, 0.2, 0.2, 0.95, 0.85, 576, 8, 0.5426]
[0.9, 0.2, 0.2, 0.95, 0.85, 576, 0, 0.6918]
[0.1, 0.2, 0.2, 0.95, 0.85, 128, 0, 0.50395]                                                        2
[0.30000000000000004, 0.2, 0.2, 0.95, 0.85, 128, 0, 0.5908]
[0.5, 0.2, 0.2, 0.95, 0.85, 128, 0, 0.8535]
[0.7000000000000001, 0.2, 0.2, 0.95, 0.85, 128, 0, 0.63785]
[0.9, 0.2, 0.2, 0.95, 0.85, 128, 0, 0.6357]
[0.1, 0.2, 0.2, 0.95, 0.85, 512, 0, 0.52335]
[0.30000000000000004, 0.2, 0.2, 0.95, 0.85, 512, 7, 0.79505]
[0.5, 0.2, 0.2, 0.95, 0.85, 512, 10, 0.7697]
[0.7000000000000001, 0.2, 0.2, 0.95, 0.85, 512, 9, 0.7279]
[0.9, 0.2, 0.2, 0.95, 0.85, 512, 5, 0.7224]
[0.1, 0.2, 0.2, 0.95, 0.85, 1152, 11, 0.5869]
[0.30000000000000004, 0.2, 0.2, 0.95, 0.85, 1152, 30, 0.7884]
[0.5, 0.2, 0.2, 0.95, 0.85, 1152, 40, 0.71495]
[0.7000000000000001, 0.2, 0.2, 0.95, 0.85, 1152, 36, 0.73205]
[0.9, 0.2, 0.2, 0.95, 0.85, 1152, 22, 0.70105]
[0.1, 0.2, 0.2, 0.95, 0.85, 256, 1, 0.783]                                              4
[0.30000000000000004, 0.2, 0.2, 0.95, 0.85, 256, 3, 0.60965]
[0.5, 0.2, 0.2, 0.95, 0.85, 256, 4, 0.60945]
[0.7000000000000001, 0.2, 0.2, 0.95, 0.85, 256, 4, 0.6615]
[0.9, 0.2, 0.2, 0.95, 0.85, 256, 2, 0.68385]
[0.1, 0.2, 0.2, 0.95, 0.85, 1024, 12, 0.74205]
[0.30000000000000004, 0.2, 0.2, 0.95, 0.85, 1024, 39, 0.6]
[0.5, 0.2, 0.2, 0.95, 0.85, 1024, 36, 0.5362]
[0.7000000000000001, 0.2, 0.2, 0.95, 0.85, 1024, 37, 0.5742]
[0.9, 0.2, 0.2, 0.95, 0.85, 1024, 23, 0.63225]
[0.1, 0.2, 0.2, 0.95, 0.85, 2304, 50, 0.8469]
[0.30000000000000004, 0.2, 0.2, 0.95, 0.85, 2304, 145, 0.7694]
[0.5, 0.2, 0.2, 0.95, 0.85, 2304, 157, 0.61475]
[0.7000000000000001, 0.2, 0.2, 0.95, 0.85, 2304, 145, 0.6098]
[0.9, 0.2, 0.2, 0.95, 0.85, 2304, 71, 0.6097]
[0.1, 0.2, 0.2, 0.95, 0.85, 256, 0, 0.7095]                                                 6
[0.30000000000000004, 0.2, 0.2, 0.95, 0.85, 256, 5, 0.6296]
[0.5, 0.2, 0.2, 0.95, 0.85, 256, 11, 0.79085]
[0.7000000000000001, 0.2, 0.2, 0.95, 0.85, 256, 14, 0.814]
[0.9, 0.2, 0.2, 0.95, 0.85, 256, 5, 0.6249]
[0.1, 0.2, 0.2, 0.95, 0.85, 1024, 6, 0.66855]
[0.30000000000000004, 0.2, 0.2, 0.95, 0.85, 1024, 30, 0.5481]
[0.5, 0.2, 0.2, 0.95, 0.85, 1024, 96, 0.58135]
[0.7000000000000001, 0.2, 0.2, 0.95, 0.85, 1024, 70, 0.62715]
[0.9, 0.2, 0.2, 0.95, 0.85, 1024, 38, 0.625]
[0.1, 0.2, 0.2, 0.95, 0.85, 2304, 18, 0.54545]
[0.30000000000000004, 0.2, 0.2, 0.95, 0.85, 2304, 86, 0.5305]
[0.5, 0.2, 0.2, 0.95, 0.85, 2304, 238, 0.5578]
[0.7000000000000001, 0.2, 0.2, 0.95, 0.85, 2304, 178, 0.59875]
[0.9, 0.2, 0.2, 0.95, 0.85, 2304, 101, 0.62195]
[0.1, 0.2, 0.2, 0.95, 0.85, 512, -1, 0.5]                                   8
[0.30000000000000004, 0.2, 0.2, 0.95, 0.85, 512, 10, 0.8206]
[0.5, 0.2, 0.2, 0.95, 0.85, 512, 26, 0.84525]
[0.7000000000000001, 0.2, 0.2, 0.95, 0.85, 512, 26, 0.74295]
[0.9, 0.2, 0.2, 0.95, 0.85, 512, 10, 0.5836]
[0.1, 0.2, 0.2, 0.95, 0.85, 2048, 5, 0.50035]
[0.30000000000000004, 0.2, 0.2, 0.95, 0.85, 2048, 88, 0.75945]
[0.5, 0.2, 0.2, 0.95, 0.85, 2048, 200, 0.82965]
[0.7000000000000001, 0.2, 0.2, 0.95, 0.85, 2048, 180, 0.7154]
[0.9, 0.2, 0.2, 0.95, 0.85, 2048, 71, 0.596]
[0.1, 0.2, 0.2, 0.95, 0.85, 4608, 91, 0.5033]
[0.30000000000000004, 0.2, 0.2, 0.95, 0.85, 4608, 204, 0.642]
[0.5, 0.2, 0.2, 0.95, 0.85, 4608, 504, 0.84455]
[0.7000000000000001, 0.2, 0.2, 0.95, 0.85, 4608, 487, 0.7634]
[0.9, 0.2, 0.2, 0.95, 0.85, 4608, 195, 0.65875]
[0.1, 0.2, 0.2, 0.95, 0.85, 512, 1, 0.50045]
[0.30000000000000004, 0.2, 0.2, 0.95, 0.85, 512, 10, 0.50735]
[0.5, 0.2, 0.2, 0.95, 0.85, 512, 36, 0.64215]
[0.7000000000000001, 0.2, 0.2, 0.95, 0.85, 512, 36, 0.61275]
[0.9, 0.2, 0.2, 0.95, 0.85, 512, 13, 0.59185]
[0.1, 0.2, 0.2, 0.95, 0.85, 2048, 130, 0.50525]
[0.30000000000000004, 0.2, 0.2, 0.95, 0.85, 2048, 130, 0.50525]
[0.5, 0.2, 0.2, 0.95, 0.85, 2048, 130, 0.50525]
[0.7000000000000001, 0.2, 0.2, 0.95, 0.85, 2048, 191, 0.60415]
[0.9, 0.2, 0.2, 0.95, 0.85, 2048, 89, 0.6201]
[0.1, 0.2, 0.2, 0.95, 0.85, 4608, 322, 0.5089]
[0.30000000000000004, 0.2, 0.2, 0.95, 0.85, 4608, 322, 0.5089]
[0.5, 0.2, 0.2, 0.95, 0.85, 4608, 322, 0.5089]
[0.7000000000000001, 0.2, 0.2, 0.95, 0.85, 4608, 418, 0.61045]
[0.9, 0.2, 0.2, 0.95, 0.85, 4608, 194, 0.6132]
[0.1, 0.2, 0.2, 0.95, 0.85, 512, 1, 0.56725]
[0.30000000000000004, 0.2, 0.2, 0.95, 0.85, 512, 1, 0.56725]
[0.5, 0.2, 0.2, 0.95, 0.85, 512, 1, 0.56725]
[0.7000000000000001, 0.2, 0.2, 0.95, 0.85, 512, 1, 0.56725]
[0.9, 0.2, 0.2, 0.95, 0.85, 512, 1, 0.56725]
[0.1, 0.2, 0.2, 0.95, 0.85, 2048, 9, 0.68605]
[0.30000000000000004, 0.2, 0.2, 0.95, 0.85, 2048, 9, 0.68605]
[0.5, 0.2, 0.2, 0.95, 0.85, 2048, 9, 0.68605]
[0.7000000000000001, 0.2, 0.2, 0.95, 0.85, 2048, 9, 0.68605]
[0.9, 0.2, 0.2, 0.95, 0.85, 2048, 9, 0.68605]
[0.1, 0.2, 0.2, 0.95, 0.85, 4608, 20, 0.6747]
[0.30000000000000004, 0.2, 0.2, 0.95, 0.85, 4608, 20, 0.6747]
[0.5, 0.2, 0.2, 0.95, 0.85, 4608, 20, 0.6747]
[0.7000000000000001, 0.2, 0.2, 0.95, 0.85, 4608, 20, 0.6747]
[0.9, 0.2, 0.2, 0.95, 0.85, 4608, 20, 0.6747]
[0.1, 0.2, 0.2, 0.95, 0.85, 4096, 15, 0.5975]
[0.30000000000000004, 0.2, 0.2, 0.95, 0.85, 4096, 15, 0.5975]
[0.5, 0.2, 0.2, 0.95, 0.85, 4096, 15, 0.5975]
[0.7000000000000001, 0.2, 0.2, 0.95, 0.85, 4096, 15, 0.5975]
[0.9, 0.2, 0.2, 0.95, 0.85, 4096, 15, 0.5975]
[0.1, 0.2, 0.2, 0.95, 0.85, 4096, 97, 0.74625]
[0.30000000000000004, 0.2, 0.2, 0.95, 0.85, 4096, 97, 0.74625]
[0.5, 0.2, 0.2, 0.95, 0.85, 4096, 97, 0.74625]
[0.7000000000000001, 0.2, 0.2, 0.95, 0.85, 4096, 97, 0.74625]
[0.9, 0.2, 0.2, 0.95, 0.85, 4096, 92, 0.71685]
