[0.1, 0.2, 0.2, 0.95, 0.85, 64, -1, 0.5]                                0
[0.30000000000000004, 0.2, 0.2, 0.95, 0.85, 64, -1, 0.5]
[0.5, 0.2, 0.2, 0.95, 0.85, 64, 0, 0.50005]
[0.7000000000000001, 0.2, 0.2, 0.95, 0.85, 64, -1, 0.5]
[0.9, 0.2, 0.2, 0.95, 0.85, 64, -1, 0.5]
[0.1, 0.2, 0.2, 0.95, 0.85, 256, -1, 0.5]
[0.30000000000000004, 0.2, 0.2, 0.95, 0.85, 256, -1, 0.5]
[0.5, 0.2, 0.2, 0.95, 0.85, 256, -1, 0.5]
[0.7000000000000001, 0.2, 0.2, 0.95, 0.85, 256, -1, 0.5]
[0.9, 0.2, 0.2, 0.95, 0.85, 256, -1, 0.5]
[0.1, 0.2, 0.2, 0.95, 0.85, 576, -1, 0.5]
[0.30000000000000004, 0.2, 0.2, 0.95, 0.85, 576, -1, 0.5]
[0.5, 0.2, 0.2, 0.95, 0.85, 576, -1, 0.5]
[0.7000000000000001, 0.2, 0.2, 0.95, 0.85, 576, -1, 0.5]
[0.9, 0.2, 0.2, 0.95, 0.85, 576, -1, 0.5]
[0.1, 0.2, 0.2, 0.95, 0.85, 128, 0, 0.51745]                            2
[0.30000000000000004, 0.2, 0.2, 0.95, 0.85, 128, -1, 0.5]
[0.5, 0.2, 0.2, 0.95, 0.85, 128, -1, 0.5]
[0.7000000000000001, 0.2, 0.2, 0.95, 0.85, 128, -1, 0.5]
[0.9, 0.2, 0.2, 0.95, 0.85, 128, -1, 0.5]
[0.1, 0.2, 0.2, 0.95, 0.85, 512, 0, 0.51415]
[0.30000000000000004, 0.2, 0.2, 0.95, 0.85, 512, 5, 0.5376]
[0.5, 0.2, 0.2, 0.95, 0.85, 512, -1, 0.5]
[0.7000000000000001, 0.2, 0.2, 0.95, 0.85, 512, -1, 0.5]
[0.9, 0.2, 0.2, 0.95, 0.85, 512, -1, 0.5]
[0.1, 0.2, 0.2, 0.95, 0.85, 1152, 2, 0.5018]
[0.30000000000000004, 0.2, 0.2, 0.95, 0.85, 1152, 6, 0.506]
[0.5, 0.2, 0.2, 0.95, 0.85, 1152, 0, 0.5002]
[0.7000000000000001, 0.2, 0.2, 0.95, 0.85, 1152, 3, 0.5092]
[0.9, 0.2, 0.2, 0.95, 0.85, 1152, -1, 0.5]
[0.1, 0.2, 0.2, 0.95, 0.85, 256, 2, 0.97495]                                4
[0.30000000000000004, 0.2, 0.2, 0.95, 0.85, 256, 8, 0.97325]
[0.5, 0.2, 0.2, 0.95, 0.85, 256, 8, 0.90525]
[0.7000000000000001, 0.2, 0.2, 0.95, 0.85, 256, 6, 0.81305]
[0.9, 0.2, 0.2, 0.95, 0.85, 256, 1, 0.69955]
[0.1, 0.2, 0.2, 0.95, 0.85, 1024, 17, 0.9407]
[0.30000000000000004, 0.2, 0.2, 0.95, 0.85, 1024, 60, 0.9546]
[0.5, 0.2, 0.2, 0.95, 0.85, 1024, 61, 0.81725]
[0.7000000000000001, 0.2, 0.2, 0.95, 0.85, 1024, 44, 0.68175]
[0.9, 0.2, 0.2, 0.95, 0.85, 1024, 17, 0.64645]
[0.1, 0.2, 0.2, 0.95, 0.85, 2304, 45, 0.7208]
[0.30000000000000004, 0.2, 0.2, 0.95, 0.85, 2304, 171, 0.9113]
[0.5, 0.2, 0.2, 0.95, 0.85, 2304, 171, 0.72975]
[0.7000000000000001, 0.2, 0.2, 0.95, 0.85, 2304, 110, 0.5787]
[0.9, 0.2, 0.2, 0.95, 0.85, 2304, 52, 0.6328]
[0.1, 0.2, 0.2, 0.95, 0.85, 256, 0, 0.8768]                                     6
[0.30000000000000004, 0.2, 0.2, 0.95, 0.85, 256, 8, 0.89615]
[0.5, 0.2, 0.2, 0.95, 0.85, 256, 8, 0.68195]
[0.7000000000000001, 0.2, 0.2, 0.95, 0.85, 256, 2, 0.52035]
[0.9, 0.2, 0.2, 0.95, 0.85, 256, 1, 0.53855]
[0.1, 0.2, 0.2, 0.95, 0.85, 1024, 14, 0.88265]
[0.30000000000000004, 0.2, 0.2, 0.95, 0.85, 1024, 58, 0.8995]
[0.5, 0.2, 0.2, 0.95, 0.85, 1024, 62, 0.592]
[0.7000000000000001, 0.2, 0.2, 0.95, 0.85, 1024, 45, 0.53495]
[0.9, 0.2, 0.2, 0.95, 0.85, 1024, 22, 0.55]
[0.1, 0.2, 0.2, 0.95, 0.85, 2304, 27, 0.79765]
[0.30000000000000004, 0.2, 0.2, 0.95, 0.85, 2304, 157, 0.8796]
[0.5, 0.2, 0.2, 0.95, 0.85, 2304, 174, 0.59625]
[0.7000000000000001, 0.2, 0.2, 0.95, 0.85, 2304, 144, 0.5456]
[0.9, 0.2, 0.2, 0.95, 0.85, 2304, 62, 0.55355]
[0.1, 0.2, 0.2, 0.95, 0.85, 512, 0, 0.5525]                                         8
[0.30000000000000004, 0.2, 0.2, 0.95, 0.85, 512, 8, 0.7297]
[0.5, 0.2, 0.2, 0.95, 0.85, 512, 24, 0.7745]
[0.7000000000000001, 0.2, 0.2, 0.95, 0.85, 512, 22, 0.66665]
[0.9, 0.2, 0.2, 0.95, 0.85, 512, 5, 0.53955]
[0.1, 0.2, 0.2, 0.95, 0.85, 2048, 32, 0.54645]
[0.30000000000000004, 0.2, 0.2, 0.95, 0.85, 2048, 114, 0.512]
[0.5, 0.2, 0.2, 0.95, 0.85, 2048, 136, 0.5351]
[0.7000000000000001, 0.2, 0.2, 0.95, 0.85, 2048, 134, 0.53825]
[0.9, 0.2, 0.2, 0.95, 0.85, 2048, 57, 0.5457]
[0.1, 0.2, 0.2, 0.95, 0.85, 4608, 205, 0.5033]
[0.30000000000000004, 0.2, 0.2, 0.95, 0.85, 4608, 299, 0.5019]
[0.5, 0.2, 0.2, 0.95, 0.85, 4608, 292, 0.51015]
[0.7000000000000001, 0.2, 0.2, 0.95, 0.85, 4608, 322, 0.5322]
[0.9, 0.2, 0.2, 0.95, 0.85, 4608, 151, 0.5609]
[0.1, 0.2, 0.2, 0.95, 0.85, 512, 3, 0.5016]                                         10
[0.30000000000000004, 0.2, 0.2, 0.95, 0.85, 512, 12, 0.53025]
[0.5, 0.2, 0.2, 0.95, 0.85, 512, 38, 0.7001]
[0.7000000000000001, 0.2, 0.2, 0.95, 0.85, 512, 39, 0.6944]
[0.9, 0.2, 0.2, 0.95, 0.85, 512, 14, 0.65355]
[0.1, 0.2, 0.2, 0.95, 0.85, 2048, 182, 0.5486]
[0.30000000000000004, 0.2, 0.2, 0.95, 0.85, 2048, 182, 0.5486]
[0.5, 0.2, 0.2, 0.95, 0.85, 2048, 182, 0.5486]
[0.7000000000000001, 0.2, 0.2, 0.95, 0.85, 2048, 167, 0.51005]
[0.9, 0.2, 0.2, 0.95, 0.85, 2048, 89, 0.64515]
[0.1, 0.2, 0.2, 0.95, 0.85, 4608, 424, 0.5489]
[0.30000000000000004, 0.2, 0.2, 0.95, 0.85, 4608, 424, 0.5489]
[0.5, 0.2, 0.2, 0.95, 0.85, 4608, 424, 0.5489]
[0.7000000000000001, 0.2, 0.2, 0.95, 0.85, 4608, 407, 0.5683]
[0.9, 0.2, 0.2, 0.95, 0.85, 4608, 204, 0.6957]
[0.1, 0.2, 0.2, 0.95, 0.85, 512, 3, 0.8314]                                                 12
[0.30000000000000004, 0.2, 0.2, 0.95, 0.85, 512, 3, 0.8314]
[0.5, 0.2, 0.2, 0.95, 0.85, 512, 3, 0.8314]
[0.7000000000000001, 0.2, 0.2, 0.95, 0.85, 512, 3, 0.8314]
[0.9, 0.2, 0.2, 0.95, 0.85, 512, 3, 0.8314]
[0.1, 0.2, 0.2, 0.95, 0.85, 2048, 10, 0.7549]
[0.30000000000000004, 0.2, 0.2, 0.95, 0.85, 2048, 10, 0.7549]
[0.5, 0.2, 0.2, 0.95, 0.85, 2048, 10, 0.7549]
[0.7000000000000001, 0.2, 0.2, 0.95, 0.85, 2048, 10, 0.7549]
[0.9, 0.2, 0.2, 0.95, 0.85, 2048, 10, 0.7549]
[0.1, 0.2, 0.2, 0.95, 0.85, 4608, 26, 0.7991]
[0.30000000000000004, 0.2, 0.2, 0.95, 0.85, 4608, 26, 0.7991]
[0.5, 0.2, 0.2, 0.95, 0.85, 4608, 26, 0.7991]
[0.7000000000000001, 0.2, 0.2, 0.95, 0.85, 4608, 26, 0.7991]
[0.9, 0.2, 0.2, 0.95, 0.85, 4608, 26, 0.7991]
[0.1, 0.2, 0.2, 0.95, 0.85, 4096, 20, 0.69225]
[0.30000000000000004, 0.2, 0.2, 0.95, 0.85, 4096, 20, 0.69225]
[0.5, 0.2, 0.2, 0.95, 0.85, 4096, 20, 0.69225]
[0.7000000000000001, 0.2, 0.2, 0.95, 0.85, 4096, 20, 0.69225]
[0.9, 0.2, 0.2, 0.95, 0.85, 4096, 20, 0.69225]
[0.1, 0.2, 0.2, 0.95, 0.85, 4096, 92, 0.72245]
[0.30000000000000004, 0.2, 0.2, 0.95, 0.85, 4096, 92, 0.72245]
[0.5, 0.2, 0.2, 0.95, 0.85, 4096, 92, 0.72245]
[0.7000000000000001, 0.2, 0.2, 0.95, 0.85, 4096, 92, 0.72245]
[0.9, 0.2, 0.2, 0.95, 0.85, 4096, 92, 0.72245]
