[0.1, 0.2, 0.2, 0.95, 0.85, 64, 0, 0.5001]                              0
[0.30000000000000004, 0.2, 0.2, 0.95, 0.85, 64, 0, 0.6294]
[0.5, 0.2, 0.2, 0.95, 0.85, 64, 0, 0.7106]
[0.7000000000000001, 0.2, 0.2, 0.95, 0.85, 64, 0, 0.5033]
[0.9, 0.2, 0.2, 0.95, 0.85, 64, 0, 0.5094]
[0.1, 0.2, 0.2, 0.95, 0.85, 256, -1, 0.5]
[0.30000000000000004, 0.2, 0.2, 0.95, 0.85, 256, 0, 0.5346]
[0.5, 0.2, 0.2, 0.95, 0.85, 256, 0, 0.6418]
[0.7000000000000001, 0.2, 0.2, 0.95, 0.85, 256, 0, 0.5347]
[0.9, 0.2, 0.2, 0.95, 0.85, 256, 0, 0.5512]
[0.1, 0.2, 0.2, 0.95, 0.85, 576, -1, 0.5]
[0.30000000000000004, 0.2, 0.2, 0.95, 0.85, 576, 2, 0.5675]
[0.5, 0.2, 0.2, 0.95, 0.85, 576, 3, 0.7045]
[0.7000000000000001, 0.2, 0.2, 0.95, 0.85, 576, 0, 0.5514]
[0.9, 0.2, 0.2, 0.95, 0.85, 576, 1, 0.5651]
[0.1, 0.2, 0.2, 0.95, 0.85, 128, 1, 0.5006]                                        2
[0.30000000000000004, 0.2, 0.2, 0.95, 0.85, 128, 0, 0.5593]
[0.5, 0.2, 0.2, 0.95, 0.85, 128, 0, 0.6716]
[0.7000000000000001, 0.2, 0.2, 0.95, 0.85, 128, 0, 0.5692]
[0.9, 0.2, 0.2, 0.95, 0.85, 128, 0, 0.5469]
[0.1, 0.2, 0.2, 0.95, 0.85, 512, 4, 0.5121]
[0.30000000000000004, 0.2, 0.2, 0.95, 0.85, 512, 5, 0.5976]
[0.5, 0.2, 0.2, 0.95, 0.85, 512, 9, 0.6326]
[0.7000000000000001, 0.2, 0.2, 0.95, 0.85, 512, 8, 0.5783]
[0.9, 0.2, 0.2, 0.95, 0.85, 512, 2, 0.5608]
[0.1, 0.2, 0.2, 0.95, 0.85, 1152, 15, 0.5084]
[0.30000000000000004, 0.2, 0.2, 0.95, 0.85, 1152, 27, 0.5832]
[0.5, 0.2, 0.2, 0.95, 0.85, 1152, 33, 0.6012]
[0.7000000000000001, 0.2, 0.2, 0.95, 0.85, 1152, 30, 0.581]
[0.9, 0.2, 0.2, 0.95, 0.85, 1152, 13, 0.5554]
[0.1, 0.2, 0.2, 0.95, 0.85, 256, 0, 0.5557]                                 4
[0.30000000000000004, 0.2, 0.2, 0.95, 0.85, 256, 1, 0.5108]
[0.5, 0.2, 0.2, 0.95, 0.85, 256, 4, 0.5115]
[0.7000000000000001, 0.2, 0.2, 0.95, 0.85, 256, 4, 0.5287]
[0.9, 0.2, 0.2, 0.95, 0.85, 256, 1, 0.5299]
[0.1, 0.2, 0.2, 0.95, 0.85, 1024, 11, 0.5585]
[0.30000000000000004, 0.2, 0.2, 0.95, 0.85, 1024, 30, 0.5173]
[0.5, 0.2, 0.2, 0.95, 0.85, 1024, 27, 0.5047]
[0.7000000000000001, 0.2, 0.2, 0.95, 0.85, 1024, 34, 0.5061]
[0.9, 0.2, 0.2, 0.95, 0.85, 1024, 21, 0.523]
[0.1, 0.2, 0.2, 0.95, 0.85, 2304, 44, 0.5429]
[0.30000000000000004, 0.2, 0.2, 0.95, 0.85, 2304, 105, 0.5127]
[0.5, 0.2, 0.2, 0.95, 0.85, 2304, 105, 0.506]
[0.7000000000000001, 0.2, 0.2, 0.95, 0.85, 2304, 63, 0.5023]
[0.9, 0.2, 0.2, 0.95, 0.85, 2304, 63, 0.5142]
[0.1, 0.2, 0.2, 0.95, 0.85, 256, -1, 0.5]                               6
[0.30000000000000004, 0.2, 0.2, 0.95, 0.85, 256, 3, 0.5301]
[0.5, 0.2, 0.2, 0.95, 0.85, 256, 10, 0.6171]
[0.7000000000000001, 0.2, 0.2, 0.95, 0.85, 256, 12, 0.6004]
[0.9, 0.2, 0.2, 0.95, 0.85, 256, 4, 0.5527]
[0.1, 0.2, 0.2, 0.95, 0.85, 1024, 2, 0.503]
[0.30000000000000004, 0.2, 0.2, 0.95, 0.85, 1024, 26, 0.5044]
[0.5, 0.2, 0.2, 0.95, 0.85, 1024, 80, 0.5716]
[0.7000000000000001, 0.2, 0.2, 0.95, 0.85, 1024, 81, 0.59]
[0.9, 0.2, 0.2, 0.95, 0.85, 1024, 39, 0.5556]
[0.1, 0.2, 0.2, 0.95, 0.85, 2304, 8, 0.5022]
[0.30000000000000004, 0.2, 0.2, 0.95, 0.85, 2304, 63, 0.5035]
[0.5, 0.2, 0.2, 0.95, 0.85, 2304, 199, 0.543]
[0.7000000000000001, 0.2, 0.2, 0.95, 0.85, 2304, 219, 0.5777]
[0.9, 0.2, 0.2, 0.95, 0.85, 2304, 113, 0.5517]
[0.1, 0.2, 0.2, 0.95, 0.85, 512, -1, 0.5]                                   8
[0.30000000000000004, 0.2, 0.2, 0.95, 0.85, 512, 8, 0.5963]
[0.5, 0.2, 0.2, 0.95, 0.85, 512, 22, 0.6126]
[0.7000000000000001, 0.2, 0.2, 0.95, 0.85, 512, 26, 0.5887]
[0.9, 0.2, 0.2, 0.95, 0.85, 512, 11, 0.5703]
[0.1, 0.2, 0.2, 0.95, 0.85, 2048, 10, 0.5017]
[0.30000000000000004, 0.2, 0.2, 0.95, 0.85, 2048, 80, 0.6012]
[0.5, 0.2, 0.2, 0.95, 0.85, 2048, 181, 0.6346]
[0.7000000000000001, 0.2, 0.2, 0.95, 0.85, 2048, 190, 0.6017]
[0.9, 0.2, 0.2, 0.95, 0.85, 2048, 86, 0.5759]
[0.1, 0.2, 0.2, 0.95, 0.85, 4608, 134, 0.5134]
[0.30000000000000004, 0.2, 0.2, 0.95, 0.85, 4608, 213, 0.5935]
[0.5, 0.2, 0.2, 0.95, 0.85, 4608, 452, 0.6283]
[0.7000000000000001, 0.2, 0.2, 0.95, 0.85, 4608, 468, 0.6024]
[0.9, 0.2, 0.2, 0.95, 0.85, 4608, 217, 0.5764]
[0.1, 0.2, 0.2, 0.95, 0.85, 512, 12, 0.5129]                            10
[0.30000000000000004, 0.2, 0.2, 0.95, 0.85, 512, 17, 0.5564]
[0.5, 0.2, 0.2, 0.95, 0.85, 512, 40, 0.6056]
[0.7000000000000001, 0.2, 0.2, 0.95, 0.85, 512, 37, 0.5738]
[0.9, 0.2, 0.2, 0.95, 0.85, 512, 14, 0.558]
[0.1, 0.2, 0.2, 0.95, 0.85, 2048, 204, 0.5692]
[0.30000000000000004, 0.2, 0.2, 0.95, 0.85, 2048, 204, 0.5692]
[0.5, 0.2, 0.2, 0.95, 0.85, 2048, 204, 0.5692]
[0.7000000000000001, 0.2, 0.2, 0.95, 0.85, 2048, 202, 0.6166]
[0.9, 0.2, 0.2, 0.95, 0.85, 2048, 92, 0.5955]
[0.1, 0.2, 0.2, 0.95, 0.85, 4608, 463, 0.5801]
[0.30000000000000004, 0.2, 0.2, 0.95, 0.85, 4608, 463, 0.5801]
[0.5, 0.2, 0.2, 0.95, 0.85, 4608, 463, 0.5801]
[0.7000000000000001, 0.2, 0.2, 0.95, 0.85, 4608, 449, 0.6186]
[0.9, 0.2, 0.2, 0.95, 0.85, 4608, 216, 0.5936]
[0.1, 0.2, 0.2, 0.95, 0.85, 512, 1, 0.5318]                                     12
[0.30000000000000004, 0.2, 0.2, 0.95, 0.85, 512, 1, 0.5318]
[0.5, 0.2, 0.2, 0.95, 0.85, 512, 1, 0.5318]
[0.7000000000000001, 0.2, 0.2, 0.95, 0.85, 512, 1, 0.5318]
[0.9, 0.2, 0.2, 0.95, 0.85, 512, 1, 0.5318]
[0.1, 0.2, 0.2, 0.95, 0.85, 2048, 6, 0.5902]
[0.30000000000000004, 0.2, 0.2, 0.95, 0.85, 2048, 6, 0.5902]
[0.5, 0.2, 0.2, 0.95, 0.85, 2048, 6, 0.5902]
[0.7000000000000001, 0.2, 0.2, 0.95, 0.85, 2048, 6, 0.5902]
[0.9, 0.2, 0.2, 0.95, 0.85, 2048, 6, 0.5902]
[0.1, 0.2, 0.2, 0.95, 0.85, 4608, 15, 0.6015]
[0.30000000000000004, 0.2, 0.2, 0.95, 0.85, 4608, 15, 0.6015]
[0.5, 0.2, 0.2, 0.95, 0.85, 4608, 15, 0.6015]
[0.7000000000000001, 0.2, 0.2, 0.95, 0.85, 4608, 15, 0.6015]
[0.9, 0.2, 0.2, 0.95, 0.85, 4608, 15, 0.6015]
[0.1, 0.2, 0.2, 0.95, 0.85, 4096, 19, 0.5783]                           13
[0.30000000000000004, 0.2, 0.2, 0.95, 0.85, 4096, 19, 0.5783]
[0.5, 0.2, 0.2, 0.95, 0.85, 4096, 19, 0.5783]
[0.7000000000000001, 0.2, 0.2, 0.95, 0.85, 4096, 19, 0.5783]
[0.9, 0.2, 0.2, 0.95, 0.85, 4096, 19, 0.5783]
[0.1, 0.2, 0.2, 0.95, 0.85, 4096, 62, 0.5498]
[0.30000000000000004, 0.2, 0.2, 0.95, 0.85, 4096, 62, 0.5498]
[0.5, 0.2, 0.2, 0.95, 0.85, 4096, 62, 0.5498]
[0.7000000000000001, 0.2, 0.2, 0.95, 0.85, 4096, 62, 0.5498]
[0.9, 0.2, 0.2, 0.95, 0.85, 4096, 62, 0.5498]
