[0.1, 0.2, 0.2, 0.95, 0.85, 64, -1, 0.5]
[0.30000000000000004, 0.2, 0.2, 0.95, 0.85, 64, 0, 0.5033]
[0.5, 0.2, 0.2, 0.95, 0.85, 64, 0, 0.5122]
[0.7000000000000001, 0.2, 0.2, 0.95, 0.85, 64, 0, 0.5036]
[0.9, 0.2, 0.2, 0.95, 0.85, 64, 0, 0.5009]
[0.1, 0.2, 0.2, 0.95, 0.85, 256, -1, 0.5]
[0.30000000000000004, 0.2, 0.2, 0.95, 0.85, 256, 1, 0.5264]
[0.5, 0.2, 0.2, 0.95, 0.85, 256, 5, 0.525]
[0.7000000000000001, 0.2, 0.2, 0.95, 0.85, 256, 1, 0.5231]
[0.9, 0.2, 0.2, 0.95, 0.85, 256, 0, 0.5032]
[0.1, 0.2, 0.2, 0.95, 0.85, 576, -1, 0.5]
[0.30000000000000004, 0.2, 0.2, 0.95, 0.85, 576, 6, 0.5271]
[0.5, 0.2, 0.2, 0.95, 0.85, 576, 16, 0.5389]
[0.7000000000000001, 0.2, 0.2, 0.95, 0.85, 576, 13, 0.5282]
[0.9, 0.2, 0.2, 0.95, 0.85, 576, 0, 0.5088]
[0.1, 0.2, 0.2, 0.95, 0.85, 128, 0, 0.506]
[0.30000000000000004, 0.2, 0.2, 0.95, 0.85, 128, 0, 0.537]
[0.5, 0.2, 0.2, 0.95, 0.85, 128, 2, 0.521]
[0.7000000000000001, 0.2, 0.2, 0.95, 0.85, 128, 1, 0.5069]
[0.9, 0.2, 0.2, 0.95, 0.85, 128, 1, 0.5122]
[0.1, 0.2, 0.2, 0.95, 0.85, 512, 3, 0.5021]
[0.30000000000000004, 0.2, 0.2, 0.95, 0.85, 512, 7, 0.5084]
[0.5, 0.2, 0.2, 0.95, 0.85, 512, 7, 0.5012]
[0.7000000000000001, 0.2, 0.2, 0.95, 0.85, 512, 10, 0.5023]
[0.9, 0.2, 0.2, 0.95, 0.85, 512, -1, 0.5]
[0.1, 0.2, 0.2, 0.95, 0.85, 1152, 16, 0.5022]
[0.30000000000000004, 0.2, 0.2, 0.95, 0.85, 1152, 36, 0.5103]
[0.5, 0.2, 0.2, 0.95, 0.85, 1152, 47, 0.5035]
[0.7000000000000001, 0.2, 0.2, 0.95, 0.85, 1152, 52, 0.5041]
[0.9, 0.2, 0.2, 0.95, 0.85, 1152, 42, 0.5006]
[0.1, 0.2, 0.2, 0.95, 0.85, 256, 0, 0.5005]
[0.30000000000000004, 0.2, 0.2, 0.95, 0.85, 256, 2, 0.5488]
[0.5, 0.2, 0.2, 0.95, 0.85, 256, 8, 0.5835]
[0.7000000000000001, 0.2, 0.2, 0.95, 0.85, 256, 11, 0.5846]
[0.9, 0.2, 0.2, 0.95, 0.85, 256, 4, 0.5723]
[0.1, 0.2, 0.2, 0.95, 0.85, 1024, -1, 0.5]
[0.30000000000000004, 0.2, 0.2, 0.95, 0.85, 1024, 37, 0.5023]
[0.5, 0.2, 0.2, 0.95, 0.85, 1024, 76, 0.527]
[0.7000000000000001, 0.2, 0.2, 0.95, 0.85, 1024, 73, 0.5485]
[0.9, 0.2, 0.2, 0.95, 0.85, 1024, 38, 0.5528]
[0.1, 0.2, 0.2, 0.95, 0.85, 2304, 8, 0.5016]
[0.30000000000000004, 0.2, 0.2, 0.95, 0.85, 2304, 31, 0.5003]
[0.5, 0.2, 0.2, 0.95, 0.85, 2304, 179, 0.5149]
[0.7000000000000001, 0.2, 0.2, 0.95, 0.85, 2304, 213, 0.544]
[0.9, 0.2, 0.2, 0.95, 0.85, 2304, 102, 0.5621]
[0.1, 0.2, 0.2, 0.95, 0.85, 512, -1, 0.5]
[0.30000000000000004, 0.2, 0.2, 0.95, 0.85, 512, 9, 0.5319]
[0.5, 0.2, 0.2, 0.95, 0.85, 512, 24, 0.5545]
[0.7000000000000001, 0.2, 0.2, 0.95, 0.85, 512, 28, 0.5771]
[0.9, 0.2, 0.2, 0.95, 0.85, 512, 14, 0.5822]
[0.1, 0.2, 0.2, 0.95, 0.85, 2048, 14, 0.5004]
[0.30000000000000004, 0.2, 0.2, 0.95, 0.85, 2048, 101, 0.5125]
[0.5, 0.2, 0.2, 0.95, 0.85, 2048, 181, 0.5407]
[0.7000000000000001, 0.2, 0.2, 0.95, 0.85, 2048, 183, 0.5593]
[0.9, 0.2, 0.2, 0.95, 0.85, 2048, 92, 0.5613]
[0.1, 0.2, 0.2, 0.95, 0.85, 4608, 140, 0.5016]
[0.30000000000000004, 0.2, 0.2, 0.95, 0.85, 4608, 202, 0.5033]
[0.5, 0.2, 0.2, 0.95, 0.85, 4608, 430, 0.5417]
[0.7000000000000001, 0.2, 0.2, 0.95, 0.85, 4608, 481, 0.5629]
[0.9, 0.2, 0.2, 0.95, 0.85, 4608, 224, 0.5639]
[0.1, 0.2, 0.2, 0.95, 0.85, 512, 1, 0.5318]
[0.30000000000000004, 0.2, 0.2, 0.95, 0.85, 512, 1, 0.5318]
[0.5, 0.2, 0.2, 0.95, 0.85, 512, 1, 0.5318]
[0.7000000000000001, 0.2, 0.2, 0.95, 0.85, 512, 1, 0.5318]
[0.9, 0.2, 0.2, 0.95, 0.85, 512, 1, 0.5318]
[0.1, 0.2, 0.2, 0.95, 0.85, 2048, 6, 0.5902]
[0.30000000000000004, 0.2, 0.2, 0.95, 0.85, 2048, 6, 0.5902]
[0.5, 0.2, 0.2, 0.95, 0.85, 2048, 6, 0.5902]
[0.7000000000000001, 0.2, 0.2, 0.95, 0.85, 2048, 6, 0.5902]
[0.9, 0.2, 0.2, 0.95, 0.85, 2048, 6, 0.5902]
[0.1, 0.2, 0.2, 0.95, 0.85, 4608, 15, 0.6015]
[0.30000000000000004, 0.2, 0.2, 0.95, 0.85, 4608, 15, 0.6015]
[0.5, 0.2, 0.2, 0.95, 0.85, 4608, 15, 0.6015]
[0.7000000000000001, 0.2, 0.2, 0.95, 0.85, 4608, 15, 0.6015]
[0.9, 0.2, 0.2, 0.95, 0.85, 4608, 15, 0.6015]
[0.1, 0.2, 0.2, 0.95, 0.85, 4096, 19, 0.5783]
[0.30000000000000004, 0.2, 0.2, 0.95, 0.85, 4096, 19, 0.5783]
[0.5, 0.2, 0.2, 0.95, 0.85, 4096, 19, 0.5783]
[0.7000000000000001, 0.2, 0.2, 0.95, 0.85, 4096, 19, 0.5783]
[0.9, 0.2, 0.2, 0.95, 0.85, 4096, 19, 0.5783]
[0.1, 0.2, 0.2, 0.95, 0.85, 4096, 62, 0.5498]
[0.30000000000000004, 0.2, 0.2, 0.95, 0.85, 4096, 62, 0.5498]
[0.5, 0.2, 0.2, 0.95, 0.85, 4096, 62, 0.5498]
[0.7000000000000001, 0.2, 0.2, 0.95, 0.85, 4096, 62, 0.5498]
[0.9, 0.2, 0.2, 0.95, 0.85, 4096, 62, 0.5498]
