[0.1, 0.2, 0.2, 0.95, 0.85, 64, -1, 0.5]
[0.30000000000000004, 0.2, 0.2, 0.95, 0.85, 64, -1, 0.5]
[0.5, 0.2, 0.2, 0.95, 0.85, 64, -1, 0.5]
[0.7000000000000001, 0.2, 0.2, 0.95, 0.85, 64, -1, 0.5]
[0.9, 0.2, 0.2, 0.95, 0.85, 64, -1, 0.5]
[0.1, 0.2, 0.2, 0.95, 0.85, 256, -1, 0.5]
[0.30000000000000004, 0.2, 0.2, 0.95, 0.85, 256, -1, 0.5]
[0.5, 0.2, 0.2, 0.95, 0.85, 256, -1, 0.5]
[0.7000000000000001, 0.2, 0.2, 0.95, 0.85, 256, -1, 0.5]
[0.9, 0.2, 0.2, 0.95, 0.85, 256, -1, 0.5]
[0.1, 0.2, 0.2, 0.95, 0.85, 576, 2, 0.5488]
[0.30000000000000004, 0.2, 0.2, 0.95, 0.85, 576, 0, 0.5305]
[0.5, 0.2, 0.2, 0.95, 0.85, 576, 0, 0.523]
[0.7000000000000001, 0.2, 0.2, 0.95, 0.85, 576, 1, 0.6064]
[0.9, 0.2, 0.2, 0.95, 0.85, 576, 0, 0.57955]
[0.1, 0.2, 0.2, 0.95, 0.85, 128, -1, 0.5]
[0.30000000000000004, 0.2, 0.2, 0.95, 0.85, 128, -1, 0.5]
[0.5, 0.2, 0.2, 0.95, 0.85, 128, -1, 0.5]
[0.7000000000000001, 0.2, 0.2, 0.95, 0.85, 128, 0, 0.5519]
[0.9, 0.2, 0.2, 0.95, 0.85, 128, 0, 0.53275]
[0.1, 0.2, 0.2, 0.95, 0.85, 512, 5, 0.61435]
[0.30000000000000004, 0.2, 0.2, 0.95, 0.85, 512, 4, 0.50255]
[0.5, 0.2, 0.2, 0.95, 0.85, 512, 8, 0.51375]
[0.7000000000000001, 0.2, 0.2, 0.95, 0.85, 512, 11, 0.556]
[0.9, 0.2, 0.2, 0.95, 0.85, 512, 5, 0.59525]
[0.1, 0.2, 0.2, 0.95, 0.85, 1152, 30, 0.52035]
[0.30000000000000004, 0.2, 0.2, 0.95, 0.85, 1152, 33, 0.50465]
[0.5, 0.2, 0.2, 0.95, 0.85, 1152, 39, 0.5149]
[0.7000000000000001, 0.2, 0.2, 0.95, 0.85, 1152, 36, 0.53655]
[0.9, 0.2, 0.2, 0.95, 0.85, 1152, 25, 0.5956]
[0.1, 0.2, 0.2, 0.95, 0.85, 256, 4, 0.7203]
[0.30000000000000004, 0.2, 0.2, 0.95, 0.85, 256, 14, 0.54865]
[0.5, 0.2, 0.2, 0.95, 0.85, 256, 10, 0.514]
[0.7000000000000001, 0.2, 0.2, 0.95, 0.85, 256, 7, 0.5181]
[0.9, 0.2, 0.2, 0.95, 0.85, 256, 3, 0.552]
[0.1, 0.2, 0.2, 0.95, 0.85, 1024, 38, 0.7194]
[0.30000000000000004, 0.2, 0.2, 0.95, 0.85, 1024, 114, 0.72595]
[0.5, 0.2, 0.2, 0.95, 0.85, 1024, 125, 0.6102]
[0.7000000000000001, 0.2, 0.2, 0.95, 0.85, 1024, 85, 0.5359]
[0.9, 0.2, 0.2, 0.95, 0.85, 1024, 36, 0.53485]
[0.1, 0.2, 0.2, 0.95, 0.85, 2304, 137, 0.5245]
[0.30000000000000004, 0.2, 0.2, 0.95, 0.85, 2304, 284, 0.7272]
[0.5, 0.2, 0.2, 0.95, 0.85, 2304, 314, 0.61935]
[0.7000000000000001, 0.2, 0.2, 0.95, 0.85, 2304, 225, 0.54545]
[0.9, 0.2, 0.2, 0.95, 0.85, 2304, 89, 0.5235]
[0.1, 0.2, 0.2, 0.95, 0.85, 256, 2, 0.6298]
[0.30000000000000004, 0.2, 0.2, 0.95, 0.85, 256, 12, 0.57545]
[0.5, 0.2, 0.2, 0.95, 0.85, 256, 19, 0.59875]
[0.7000000000000001, 0.2, 0.2, 0.95, 0.85, 256, 14, 0.5557]
[0.9, 0.2, 0.2, 0.95, 0.85, 256, 5, 0.5607]
[0.1, 0.2, 0.2, 0.95, 0.85, 1024, 36, 0.62325]
[0.30000000000000004, 0.2, 0.2, 0.95, 0.85, 1024, 98, 0.57205]
[0.5, 0.2, 0.2, 0.95, 0.85, 1024, 150, 0.586]
[0.7000000000000001, 0.2, 0.2, 0.95, 0.85, 1024, 120, 0.59915]
[0.9, 0.2, 0.2, 0.95, 0.85, 1024, 49, 0.5709]
[0.1, 0.2, 0.2, 0.95, 0.85, 2304, 151, 0.5141]
[0.30000000000000004, 0.2, 0.2, 0.95, 0.85, 2304, 209, 0.5589]
[0.5, 0.2, 0.2, 0.95, 0.85, 2304, 283, 0.57975]
[0.7000000000000001, 0.2, 0.2, 0.95, 0.85, 2304, 271, 0.5908]
[0.9, 0.2, 0.2, 0.95, 0.85, 2304, 109, 0.57095]
[0.1, 0.2, 0.2, 0.95, 0.85, 512, 7, 0.53735]
[0.30000000000000004, 0.2, 0.2, 0.95, 0.85, 512, 20, 0.53445]
[0.5, 0.2, 0.2, 0.95, 0.85, 512, 35, 0.5934]
[0.7000000000000001, 0.2, 0.2, 0.95, 0.85, 512, 30, 0.66005]
[0.9, 0.2, 0.2, 0.95, 0.85, 512, 9, 0.72105]
[0.1, 0.2, 0.2, 0.95, 0.85, 2048, 166, 0.57355]
[0.30000000000000004, 0.2, 0.2, 0.95, 0.85, 2048, 166, 0.57355]
[0.5, 0.2, 0.2, 0.95, 0.85, 2048, 137, 0.52765]
[0.7000000000000001, 0.2, 0.2, 0.95, 0.85, 2048, 148, 0.5524]
[0.9, 0.2, 0.2, 0.95, 0.85, 2048, 70, 0.6693]
[0.1, 0.2, 0.2, 0.95, 0.85, 4608, 385, 0.5908]
[0.30000000000000004, 0.2, 0.2, 0.95, 0.85, 4608, 385, 0.5908]
[0.5, 0.2, 0.2, 0.95, 0.85, 4608, 327, 0.547]
[0.7000000000000001, 0.2, 0.2, 0.95, 0.85, 4608, 318, 0.54985]
[0.9, 0.2, 0.2, 0.95, 0.85, 4608, 150, 0.67255]
[0.1, 0.2, 0.2, 0.95, 0.85, 512, 8, 0.5774]
[0.30000000000000004, 0.2, 0.2, 0.95, 0.85, 512, 8, 0.57855]
[0.5, 0.2, 0.2, 0.95, 0.85, 512, 19, 0.6752]
[0.7000000000000001, 0.2, 0.2, 0.95, 0.85, 512, 18, 0.76775]
[0.9, 0.2, 0.2, 0.95, 0.85, 512, 3, 0.78935]
[0.1, 0.2, 0.2, 0.95, 0.85, 2048, 54, 0.5539]
[0.30000000000000004, 0.2, 0.2, 0.95, 0.85, 2048, 54, 0.5539]
[0.5, 0.2, 0.2, 0.95, 0.85, 2048, 54, 0.5539]
[0.7000000000000001, 0.2, 0.2, 0.95, 0.85, 2048, 56, 0.6334]
[0.9, 0.2, 0.2, 0.95, 0.85, 2048, 32, 0.8204]
[0.1, 0.2, 0.2, 0.95, 0.85, 4608, 120, 0.5579]
[0.30000000000000004, 0.2, 0.2, 0.95, 0.85, 4608, 120, 0.5579]
[0.5, 0.2, 0.2, 0.95, 0.85, 4608, 120, 0.5579]
[0.7000000000000001, 0.2, 0.2, 0.95, 0.85, 4608, 161, 0.71575]
[0.9, 0.2, 0.2, 0.95, 0.85, 4608, 58, 0.8169]
[0.1, 0.2, 0.2, 0.95, 0.85, 512, 0, 0.6396]
[0.30000000000000004, 0.2, 0.2, 0.95, 0.85, 512, 0, 0.6396]
[0.5, 0.2, 0.2, 0.95, 0.85, 512, 0, 0.6396]
[0.7000000000000001, 0.2, 0.2, 0.95, 0.85, 512, 0, 0.6396]
[0.9, 0.2, 0.2, 0.95, 0.85, 512, 0, 0.6396]
[0.1, 0.2, 0.2, 0.95, 0.85, 2048, 1, 0.60965]
[0.30000000000000004, 0.2, 0.2, 0.95, 0.85, 2048, 1, 0.60965]
[0.5, 0.2, 0.2, 0.95, 0.85, 2048, 1, 0.60965]
[0.7000000000000001, 0.2, 0.2, 0.95, 0.85, 2048, 1, 0.60965]
[0.9, 0.2, 0.2, 0.95, 0.85, 2048, 1, 0.60965]
[0.1, 0.2, 0.2, 0.95, 0.85, 4608, 3, 0.615]
[0.30000000000000004, 0.2, 0.2, 0.95, 0.85, 4608, 3, 0.615]
[0.5, 0.2, 0.2, 0.95, 0.85, 4608, 3, 0.615]
[0.7000000000000001, 0.2, 0.2, 0.95, 0.85, 4608, 3, 0.615]
[0.9, 0.2, 0.2, 0.95, 0.85, 4608, 3, 0.615]
[0.1, 0.2, 0.2, 0.95, 0.85, 4096, 6, 0.6465]
[0.30000000000000004, 0.2, 0.2, 0.95, 0.85, 4096, 6, 0.6465]
[0.5, 0.2, 0.2, 0.95, 0.85, 4096, 6, 0.6465]
[0.7000000000000001, 0.2, 0.2, 0.95, 0.85, 4096, 6, 0.6465]
[0.9, 0.2, 0.2, 0.95, 0.85, 4096, 6, 0.6465]
[0.1, 0.2, 0.2, 0.95, 0.85, 4096, 9, 0.5854]
[0.30000000000000004, 0.2, 0.2, 0.95, 0.85, 4096, 9, 0.5854]
[0.5, 0.2, 0.2, 0.95, 0.85, 4096, 9, 0.5854]
[0.7000000000000001, 0.2, 0.2, 0.95, 0.85, 4096, 9, 0.5854]
[0.9, 0.2, 0.2, 0.95, 0.85, 4096, 9, 0.5854]