[0.1, 0.2, 0.2, 0.95, 0.85, 64, -1, 0.5]
[0.30000000000000004, 0.2, 0.2, 0.95, 0.85, 64, -1, 0.5]
[0.5, 0.2, 0.2, 0.95, 0.85, 64, -1, 0.5]
[0.7000000000000001, 0.2, 0.2, 0.95, 0.85, 64, -1, 0.5]
[0.9, 0.2, 0.2, 0.95, 0.85, 64, -1, 0.5]
[0.1, 0.2, 0.2, 0.95, 0.85, 256, -1, 0.5]
[0.30000000000000004, 0.2, 0.2, 0.95, 0.85, 256, -1, 0.5]
[0.5, 0.2, 0.2, 0.95, 0.85, 256, -1, 0.5]
[0.7000000000000001, 0.2, 0.2, 0.95, 0.85, 256, -1, 0.5]
[0.9, 0.2, 0.2, 0.95, 0.85, 256, -1, 0.5]
[0.1, 0.2, 0.2, 0.95, 0.85, 576, -1, 0.5]
[0.30000000000000004, 0.2, 0.2, 0.95, 0.85, 576, -1, 0.5]
[0.5, 0.2, 0.2, 0.95, 0.85, 576, -1, 0.5]
[0.7000000000000001, 0.2, 0.2, 0.95, 0.85, 576, 0, 0.5128]
[0.9, 0.2, 0.2, 0.95, 0.85, 576, 0, 0.52085]
[0.1, 0.2, 0.2, 0.95, 0.85, 128, 0, 0.5789]
[0.30000000000000004, 0.2, 0.2, 0.95, 0.85, 128, 5, 0.8607]
[0.5, 0.2, 0.2, 0.95, 0.85, 128, 7, 0.6619]
[0.7000000000000001, 0.2, 0.2, 0.95, 0.85, 128, 1, 0.5104]
[0.9, 0.2, 0.2, 0.95, 0.85, 128, -1, 0.5]
[0.1, 0.2, 0.2, 0.95, 0.85, 512, 9, 0.8166]
[0.30000000000000004, 0.2, 0.2, 0.95, 0.85, 512, 43, 0.8369]
[0.5, 0.2, 0.2, 0.95, 0.85, 512, 52, 0.62955]
[0.7000000000000001, 0.2, 0.2, 0.95, 0.85, 512, 28, 0.53145]
[0.9, 0.2, 0.2, 0.95, 0.85, 512, 9, 0.51145]
[0.1, 0.2, 0.2, 0.95, 0.85, 1152, 21, 0.80795]
[0.30000000000000004, 0.2, 0.2, 0.95, 0.85, 1152, 117, 0.79975]
[0.5, 0.2, 0.2, 0.95, 0.85, 1152, 148, 0.62095]
[0.7000000000000001, 0.2, 0.2, 0.95, 0.85, 1152, 101, 0.5216]
[0.9, 0.2, 0.2, 0.95, 0.85, 1152, 29, 0.5117]
[0.1, 0.2, 0.2, 0.95, 0.85, 256, 1, 0.64115]
[0.30000000000000004, 0.2, 0.2, 0.95, 0.85, 256, 15, 0.68175]
[0.5, 0.2, 0.2, 0.95, 0.85, 256, 20, 0.6558]
[0.7000000000000001, 0.2, 0.2, 0.95, 0.85, 256, 21, 0.6429]
[0.9, 0.2, 0.2, 0.95, 0.85, 256, 7, 0.66325]
[0.1, 0.2, 0.2, 0.95, 0.85, 1024, 36, 0.6232]
[0.30000000000000004, 0.2, 0.2, 0.95, 0.85, 1024, 99, 0.58675]
[0.5, 0.2, 0.2, 0.95, 0.85, 1024, 132, 0.58105]
[0.7000000000000001, 0.2, 0.2, 0.95, 0.85, 1024, 115, 0.572]
[0.9, 0.2, 0.2, 0.95, 0.85, 1024, 50, 0.6035]
[0.1, 0.2, 0.2, 0.95, 0.85, 2304, 151, 0.5141]
[0.30000000000000004, 0.2, 0.2, 0.95, 0.85, 2304, 205, 0.565]
[0.5, 0.2, 0.2, 0.95, 0.85, 2304, 287, 0.57245]
[0.7000000000000001, 0.2, 0.2, 0.95, 0.85, 2304, 262, 0.56855]
[0.9, 0.2, 0.2, 0.95, 0.85, 2304, 114, 0.58985]
[0.1, 0.2, 0.2, 0.95, 0.85, 512, 7, 0.7004]
[0.30000000000000004, 0.2, 0.2, 0.95, 0.85, 512, 16, 0.71135]
[0.5, 0.2, 0.2, 0.95, 0.85, 512, 31, 0.8076]
[0.7000000000000001, 0.2, 0.2, 0.95, 0.85, 512, 29, 0.85485]
[0.9, 0.2, 0.2, 0.95, 0.85, 512, 8, 0.79075]
[0.1, 0.2, 0.2, 0.95, 0.85, 2048, 153, 0.6714]
[0.30000000000000004, 0.2, 0.2, 0.95, 0.85, 2048, 153, 0.6714]
[0.5, 0.2, 0.2, 0.95, 0.85, 2048, 151, 0.69595]
[0.7000000000000001, 0.2, 0.2, 0.95, 0.85, 2048, 145, 0.7411]
[0.9, 0.2, 0.2, 0.95, 0.85, 2048, 55, 0.7995]
[0.1, 0.2, 0.2, 0.95, 0.85, 4608, 347, 0.67685]
[0.30000000000000004, 0.2, 0.2, 0.95, 0.85, 4608, 347, 0.67685]
[0.5, 0.2, 0.2, 0.95, 0.85, 4608, 347, 0.67685]
[0.7000000000000001, 0.2, 0.2, 0.95, 0.85, 4608, 329, 0.73675]
[0.9, 0.2, 0.2, 0.95, 0.85, 4608, 118, 0.781]
[0.1, 0.2, 0.2, 0.95, 0.85, 512, 0, 0.6396]
[0.30000000000000004, 0.2, 0.2, 0.95, 0.85, 512, 0, 0.6396]
[0.5, 0.2, 0.2, 0.95, 0.85, 512, 0, 0.6396]
[0.7000000000000001, 0.2, 0.2, 0.95, 0.85, 512, 0, 0.6396]
[0.9, 0.2, 0.2, 0.95, 0.85, 512, 0, 0.6396]
[0.1, 0.2, 0.2, 0.95, 0.85, 2048, 1, 0.60965]
[0.30000000000000004, 0.2, 0.2, 0.95, 0.85, 2048, 1, 0.60965]
[0.5, 0.2, 0.2, 0.95, 0.85, 2048, 1, 0.60965]
[0.7000000000000001, 0.2, 0.2, 0.95, 0.85, 2048, 1, 0.60965]
[0.9, 0.2, 0.2, 0.95, 0.85, 2048, 1, 0.60965]
[0.1, 0.2, 0.2, 0.95, 0.85, 4608, 3, 0.615]
[0.30000000000000004, 0.2, 0.2, 0.95, 0.85, 4608, 3, 0.615]
[0.5, 0.2, 0.2, 0.95, 0.85, 4608, 3, 0.615]
[0.7000000000000001, 0.2, 0.2, 0.95, 0.85, 4608, 3, 0.615]
[0.9, 0.2, 0.2, 0.95, 0.85, 4608, 3, 0.615]
[0.1, 0.2, 0.2, 0.95, 0.85, 4096, 6, 0.6465]
[0.30000000000000004, 0.2, 0.2, 0.95, 0.85, 4096, 6, 0.6465]
[0.5, 0.2, 0.2, 0.95, 0.85, 4096, 6, 0.6465]
[0.7000000000000001, 0.2, 0.2, 0.95, 0.85, 4096, 6, 0.6465]
[0.9, 0.2, 0.2, 0.95, 0.85, 4096, 6, 0.6465]
[0.1, 0.2, 0.2, 0.95, 0.85, 4096, 9, 0.5854]
[0.30000000000000004, 0.2, 0.2, 0.95, 0.85, 4096, 9, 0.5854]
[0.5, 0.2, 0.2, 0.95, 0.85, 4096, 9, 0.5854]
[0.7000000000000001, 0.2, 0.2, 0.95, 0.85, 4096, 9, 0.5854]
[0.9, 0.2, 0.2, 0.95, 0.85, 4096, 9, 0.5854]
