[0.1, 0.2, 0.2, 0.95, 0.85, 64, -1, 0.5]
[0.30000000000000004, 0.2, 0.2, 0.95, 0.85, 64, 0, 0.5013]
[0.5, 0.2, 0.2, 0.95, 0.85, 64, 0, 0.5145]
[0.7000000000000001, 0.2, 0.2, 0.95, 0.85, 64, 0, 0.5255]
[0.9, 0.2, 0.2, 0.95, 0.85, 64, 0, 0.5061]
[0.1, 0.2, 0.2, 0.95, 0.85, 256, 1, 0.5043]
[0.30000000000000004, 0.2, 0.2, 0.95, 0.85, 256, 3, 0.5151]
[0.5, 0.2, 0.2, 0.95, 0.85, 256, 6, 0.5346]
[0.7000000000000001, 0.2, 0.2, 0.95, 0.85, 256, 3, 0.5617]
[0.9, 0.2, 0.2, 0.95, 0.85, 256, 1, 0.5109]
[0.1, 0.2, 0.2, 0.95, 0.85, 576, 10, 0.503]
[0.30000000000000004, 0.2, 0.2, 0.95, 0.85, 576, 15, 0.5194]
[0.5, 0.2, 0.2, 0.95, 0.85, 576, 20, 0.5501]
[0.7000000000000001, 0.2, 0.2, 0.95, 0.85, 576, 12, 0.561]
[0.9, 0.2, 0.2, 0.95, 0.85, 576, 3, 0.5157]
[0.1, 0.2, 0.2, 0.95, 0.85, 128, -1, 0.5]
[0.30000000000000004, 0.2, 0.2, 0.95, 0.85, 128, 3, 0.5388]
[0.5, 0.2, 0.2, 0.95, 0.85, 128, 8, 0.5662]
[0.7000000000000001, 0.2, 0.2, 0.95, 0.85, 128, 7, 0.5786]
[0.9, 0.2, 0.2, 0.95, 0.85, 128, 2, 0.5587]
[0.1, 0.2, 0.2, 0.95, 0.85, 512, 2, 0.5123]
[0.30000000000000004, 0.2, 0.2, 0.95, 0.85, 512, 35, 0.557]
[0.5, 0.2, 0.2, 0.95, 0.85, 512, 56, 0.5822]
[0.7000000000000001, 0.2, 0.2, 0.95, 0.85, 512, 57, 0.5964]
[0.9, 0.2, 0.2, 0.95, 0.85, 512, 22, 0.5901]
[0.1, 0.2, 0.2, 0.95, 0.85, 1152, 15, 0.511]
[0.30000000000000004, 0.2, 0.2, 0.95, 0.85, 1152, 99, 0.5595]
[0.5, 0.2, 0.2, 0.95, 0.85, 1152, 141, 0.5894]
[0.7000000000000001, 0.2, 0.2, 0.95, 0.85, 1152, 146, 0.6066]
[0.9, 0.2, 0.2, 0.95, 0.85, 1152, 59, 0.6014]
[0.1, 0.2, 0.2, 0.95, 0.85, 256, 0, 0.5166]
[0.30000000000000004, 0.2, 0.2, 0.95, 0.85, 256, 12, 0.5315]
[0.5, 0.2, 0.2, 0.95, 0.85, 256, 21, 0.5599]
[0.7000000000000001, 0.2, 0.2, 0.95, 0.85, 256, 18, 0.579]
[0.9, 0.2, 0.2, 0.95, 0.85, 256, 8, 0.5751]
[0.1, 0.2, 0.2, 0.95, 0.85, 1024, 30, 0.542]
[0.30000000000000004, 0.2, 0.2, 0.95, 0.85, 1024, 102, 0.5668]
[0.5, 0.2, 0.2, 0.95, 0.85, 1024, 131, 0.5914]
[0.7000000000000001, 0.2, 0.2, 0.95, 0.85, 1024, 118, 0.6021]
[0.9, 0.2, 0.2, 0.95, 0.85, 1024, 51, 0.5942]
[0.1, 0.2, 0.2, 0.95, 0.85, 2304, 193, 0.5751]
[0.30000000000000004, 0.2, 0.2, 0.95, 0.85, 2304, 234, 0.5533]
[0.5, 0.2, 0.2, 0.95, 0.85, 2304, 321, 0.5819]
[0.7000000000000001, 0.2, 0.2, 0.95, 0.85, 2304, 276, 0.6005]
[0.9, 0.2, 0.2, 0.95, 0.85, 2304, 121, 0.6039]
[0.1, 0.2, 0.2, 0.95, 0.85, 512, 4, 0.5469]
[0.30000000000000004, 0.2, 0.2, 0.95, 0.85, 512, 14, 0.6008]
[0.5, 0.2, 0.2, 0.95, 0.85, 512, 26, 0.6674]
[0.7000000000000001, 0.2, 0.2, 0.95, 0.85, 512, 25, 0.7139]
[0.9, 0.2, 0.2, 0.95, 0.85, 512, 7, 0.7499]
[0.1, 0.2, 0.2, 0.95, 0.85, 2048, 143, 0.6443]
[0.30000000000000004, 0.2, 0.2, 0.95, 0.85, 2048, 143, 0.6443]
[0.5, 0.2, 0.2, 0.95, 0.85, 2048, 124, 0.5966]
[0.7000000000000001, 0.2, 0.2, 0.95, 0.85, 2048, 141, 0.6831]
[0.9, 0.2, 0.2, 0.95, 0.85, 2048, 56, 0.7744]
[0.1, 0.2, 0.2, 0.95, 0.85, 4608, 343, 0.6411]
[0.30000000000000004, 0.2, 0.2, 0.95, 0.85, 4608, 343, 0.6411]
[0.5, 0.2, 0.2, 0.95, 0.85, 4608, 326, 0.6397]
[0.7000000000000001, 0.2, 0.2, 0.95, 0.85, 4608, 320, 0.6698]
[0.9, 0.2, 0.2, 0.95, 0.85, 4608, 121, 0.7735]
[0.1, 0.2, 0.2, 0.95, 0.85, 512, 0, 0.6226]
[0.30000000000000004, 0.2, 0.2, 0.95, 0.85, 512, 0, 0.6226]
[0.5, 0.2, 0.2, 0.95, 0.85, 512, 0, 0.6226]
[0.7000000000000001, 0.2, 0.2, 0.95, 0.85, 512, 0, 0.6226]
[0.9, 0.2, 0.2, 0.95, 0.85, 512, 0, 0.6226]
[0.1, 0.2, 0.2, 0.95, 0.85, 2048, 2, 0.6408]
[0.30000000000000004, 0.2, 0.2, 0.95, 0.85, 2048, 2, 0.6408]
[0.5, 0.2, 0.2, 0.95, 0.85, 2048, 2, 0.6408]
[0.7000000000000001, 0.2, 0.2, 0.95, 0.85, 2048, 2, 0.6408]
[0.9, 0.2, 0.2, 0.95, 0.85, 2048, 2, 0.6408]
[0.1, 0.2, 0.2, 0.95, 0.85, 4608, 8, 0.6387]
[0.30000000000000004, 0.2, 0.2, 0.95, 0.85, 4608, 8, 0.6387]
[0.5, 0.2, 0.2, 0.95, 0.85, 4608, 8, 0.6387]
[0.7000000000000001, 0.2, 0.2, 0.95, 0.85, 4608, 8, 0.6387]
[0.9, 0.2, 0.2, 0.95, 0.85, 4608, 8, 0.6387]
[0.1, 0.2, 0.2, 0.95, 0.85, 4096, 5, 0.6267]
[0.30000000000000004, 0.2, 0.2, 0.95, 0.85, 4096, 5, 0.6267]
[0.5, 0.2, 0.2, 0.95, 0.85, 4096, 5, 0.6267]
[0.7000000000000001, 0.2, 0.2, 0.95, 0.85, 4096, 5, 0.6267]
[0.9, 0.2, 0.2, 0.95, 0.85, 4096, 5, 0.6267]
[0.1, 0.2, 0.2, 0.95, 0.85, 4096, 25, 0.6498]
[0.30000000000000004, 0.2, 0.2, 0.95, 0.85, 4096, 25, 0.6498]
[0.5, 0.2, 0.2, 0.95, 0.85, 4096, 25, 0.6498]
[0.7000000000000001, 0.2, 0.2, 0.95, 0.85, 4096, 25, 0.6498]
[0.9, 0.2, 0.2, 0.95, 0.85, 4096, 25, 0.6498]