[0.1, 0.2, 0.2, 0.95, 0.85, 64, -1, 0.5]
[0.30000000000000004, 0.2, 0.2, 0.95, 0.85, 64, 0, 0.5003]
[0.5, 0.2, 0.2, 0.95, 0.85, 64, -1, 0.5]
[0.7000000000000001, 0.2, 0.2, 0.95, 0.85, 64, 2, 0.5006]
[0.9, 0.2, 0.2, 0.95, 0.85, 64, 0, 0.5006]
[0.1, 0.2, 0.2, 0.95, 0.85, 256, 0, 0.5037]
[0.30000000000000004, 0.2, 0.2, 0.95, 0.85, 256, 2, 0.5193]
[0.5, 0.2, 0.2, 0.95, 0.85, 256, 1, 0.5132]
[0.7000000000000001, 0.2, 0.2, 0.95, 0.85, 256, 1, 0.5196]
[0.9, 0.2, 0.2, 0.95, 0.85, 256, 0, 0.5188]
[0.1, 0.2, 0.2, 0.95, 0.85, 576, 11, 0.5022]
[0.30000000000000004, 0.2, 0.2, 0.95, 0.85, 576, 11, 0.5066]
[0.5, 0.2, 0.2, 0.95, 0.85, 576, 5, 0.5157]
[0.7000000000000001, 0.2, 0.2, 0.95, 0.85, 576, 2, 0.5185]
[0.9, 0.2, 0.2, 0.95, 0.85, 576, 2, 0.5128]
[0.1, 0.2, 0.2, 0.95, 0.85, 128, 2, 0.5001]
[0.30000000000000004, 0.2, 0.2, 0.95, 0.85, 128, -1, 0.5]
[0.5, 0.2, 0.2, 0.95, 0.85, 128, 8, 0.5002]
[0.7000000000000001, 0.2, 0.2, 0.95, 0.85, 128, 0, 0.514]
[0.9, 0.2, 0.2, 0.95, 0.85, 128, 0, 0.5226]
[0.1, 0.2, 0.2, 0.95, 0.85, 512, 2, 0.5043]
[0.30000000000000004, 0.2, 0.2, 0.95, 0.85, 512, 28, 0.5065]
[0.5, 0.2, 0.2, 0.95, 0.85, 512, 23, 0.5105]
[0.7000000000000001, 0.2, 0.2, 0.95, 0.85, 512, 23, 0.5203]
[0.9, 0.2, 0.2, 0.95, 0.85, 512, 5, 0.5298]
[0.1, 0.2, 0.2, 0.95, 0.85, 1152, 13, 0.5052]
[0.30000000000000004, 0.2, 0.2, 0.95, 0.85, 1152, 45, 0.5124]
[0.5, 0.2, 0.2, 0.95, 0.85, 1152, 48, 0.515]
[0.7000000000000001, 0.2, 0.2, 0.95, 0.85, 1152, 86, 0.525]
[0.9, 0.2, 0.2, 0.95, 0.85, 1152, 17, 0.5291]
[0.1, 0.2, 0.2, 0.95, 0.85, 256, -1, 0.5]
[0.30000000000000004, 0.2, 0.2, 0.95, 0.85, 256, 12, 0.5326]
[0.5, 0.2, 0.2, 0.95, 0.85, 256, 18, 0.5498]
[0.7000000000000001, 0.2, 0.2, 0.95, 0.85, 256, 16, 0.549]
[0.9, 0.2, 0.2, 0.95, 0.85, 256, 6, 0.542]
[0.1, 0.2, 0.2, 0.95, 0.85, 1024, 24, 0.5051]
[0.30000000000000004, 0.2, 0.2, 0.95, 0.85, 1024, 107, 0.5686]
[0.5, 0.2, 0.2, 0.95, 0.85, 1024, 131, 0.5916]
[0.7000000000000001, 0.2, 0.2, 0.95, 0.85, 1024, 106, 0.5816]
[0.9, 0.2, 0.2, 0.95, 0.85, 1024, 48, 0.5595]
[0.1, 0.2, 0.2, 0.95, 0.85, 2304, 159, 0.5418]
[0.30000000000000004, 0.2, 0.2, 0.95, 0.85, 2304, 246, 0.5676]
[0.5, 0.2, 0.2, 0.95, 0.85, 2304, 330, 0.5983]
[0.7000000000000001, 0.2, 0.2, 0.95, 0.85, 2304, 274, 0.6029]
[0.9, 0.2, 0.2, 0.95, 0.85, 2304, 119, 0.5674]
[0.1, 0.2, 0.2, 0.95, 0.85, 256, 0, 0.5084]
[0.30000000000000004, 0.2, 0.2, 0.95, 0.85, 256, 15, 0.5259]
[0.5, 0.2, 0.2, 0.95, 0.85, 256, 23, 0.556]
[0.7000000000000001, 0.2, 0.2, 0.95, 0.85, 256, 20, 0.5646]
[0.9, 0.2, 0.2, 0.95, 0.85, 256, 6, 0.5678]
[0.1, 0.2, 0.2, 0.95, 0.85, 1024, 30, 0.542]
[0.30000000000000004, 0.2, 0.2, 0.95, 0.85, 1024, 105, 0.5603]
[0.5, 0.2, 0.2, 0.95, 0.85, 1024, 145, 0.5815]
[0.7000000000000001, 0.2, 0.2, 0.95, 0.85, 1024, 126, 0.585]
[0.9, 0.2, 0.2, 0.95, 0.85, 1024, 49, 0.5857]
[0.1, 0.2, 0.2, 0.95, 0.85, 2304, 193, 0.5751]
[0.30000000000000004, 0.2, 0.2, 0.95, 0.85, 2304, 234, 0.5517]
[0.5, 0.2, 0.2, 0.95, 0.85, 2304, 322, 0.5692]
[0.7000000000000001, 0.2, 0.2, 0.95, 0.85, 2304, 296, 0.5774]
[0.9, 0.2, 0.2, 0.95, 0.85, 2304, 122, 0.5814]
[0.1, 0.2, 0.2, 0.95, 0.85, 512, 12, 0.59]
[0.30000000000000004, 0.2, 0.2, 0.95, 0.85, 512, 35, 0.6464]
[0.5, 0.2, 0.2, 0.95, 0.85, 512, 42, 0.6874]
[0.7000000000000001, 0.2, 0.2, 0.95, 0.85, 512, 33, 0.6979]
[0.9, 0.2, 0.2, 0.95, 0.85, 512, 9, 0.6601]
[0.1, 0.2, 0.2, 0.95, 0.85, 2048, 219, 0.6573]
[0.30000000000000004, 0.2, 0.2, 0.95, 0.85, 2048, 219, 0.6573]
[0.5, 0.2, 0.2, 0.95, 0.85, 2048, 229, 0.6707]
[0.7000000000000001, 0.2, 0.2, 0.95, 0.85, 2048, 201, 0.7122]
[0.9, 0.2, 0.2, 0.95, 0.85, 2048, 68, 0.7028]
[0.1, 0.2, 0.2, 0.95, 0.85, 4608, 486, 0.6613]
[0.30000000000000004, 0.2, 0.2, 0.95, 0.85, 4608, 486, 0.6613]
[0.5, 0.2, 0.2, 0.95, 0.85, 4608, 486, 0.6613]
[0.7000000000000001, 0.2, 0.2, 0.95, 0.85, 4608, 442, 0.7177]
[0.9, 0.2, 0.2, 0.95, 0.85, 4608, 156, 0.7098]
[0.1, 0.2, 0.2, 0.95, 0.85, 512, 8, 0.596]
[0.30000000000000004, 0.2, 0.2, 0.95, 0.85, 512, 8, 0.5876]
[0.5, 0.2, 0.2, 0.95, 0.85, 512, 20, 0.6632]
[0.7000000000000001, 0.2, 0.2, 0.95, 0.85, 512, 16, 0.7383]
[0.9, 0.2, 0.2, 0.95, 0.85, 512, 3, 0.7561]
[0.1, 0.2, 0.2, 0.95, 0.85, 2048, 79, 0.643]
[0.30000000000000004, 0.2, 0.2, 0.95, 0.85, 2048, 79, 0.643]
[0.5, 0.2, 0.2, 0.95, 0.85, 2048, 79, 0.643]
[0.7000000000000001, 0.2, 0.2, 0.95, 0.85, 2048, 60, 0.6252]
[0.9, 0.2, 0.2, 0.95, 0.85, 2048, 33, 0.8059]
[0.1, 0.2, 0.2, 0.95, 0.85, 4608, 173, 0.6404]
[0.30000000000000004, 0.2, 0.2, 0.95, 0.85, 4608, 173, 0.6404]
[0.5, 0.2, 0.2, 0.95, 0.85, 4608, 173, 0.6404]
[0.7000000000000001, 0.2, 0.2, 0.95, 0.85, 4608, 189, 0.6889]
[0.9, 0.2, 0.2, 0.95, 0.85, 4608, 55, 0.7937]
[0.1, 0.2, 0.2, 0.95, 0.85, 512, 0, 0.6226]
[0.30000000000000004, 0.2, 0.2, 0.95, 0.85, 512, 0, 0.6226]
[0.5, 0.2, 0.2, 0.95, 0.85, 512, 0, 0.6226]
[0.7000000000000001, 0.2, 0.2, 0.95, 0.85, 512, 0, 0.6226]
[0.9, 0.2, 0.2, 0.95, 0.85, 512, 0, 0.6226]
[0.1, 0.2, 0.2, 0.95, 0.85, 2048, 2, 0.6408]
[0.30000000000000004, 0.2, 0.2, 0.95, 0.85, 2048, 2, 0.6408]
[0.5, 0.2, 0.2, 0.95, 0.85, 2048, 2, 0.6408]
[0.7000000000000001, 0.2, 0.2, 0.95, 0.85, 2048, 2, 0.6408]
[0.9, 0.2, 0.2, 0.95, 0.85, 2048, 2, 0.6408]
[0.1, 0.2, 0.2, 0.95, 0.85, 4608, 8, 0.6387]
[0.30000000000000004, 0.2, 0.2, 0.95, 0.85, 4608, 8, 0.6387]
[0.5, 0.2, 0.2, 0.95, 0.85, 4608, 8, 0.6387]
[0.7000000000000001, 0.2, 0.2, 0.95, 0.85, 4608, 8, 0.6387]
[0.9, 0.2, 0.2, 0.95, 0.85, 4608, 8, 0.6387]
[0.1, 0.2, 0.2, 0.95, 0.85, 4096, 5, 0.6267]
[0.30000000000000004, 0.2, 0.2, 0.95, 0.85, 4096, 5, 0.6267]
[0.5, 0.2, 0.2, 0.95, 0.85, 4096, 5, 0.6267]
[0.7000000000000001, 0.2, 0.2, 0.95, 0.85, 4096, 5, 0.6267]
[0.9, 0.2, 0.2, 0.95, 0.85, 4096, 5, 0.6267]
[0.1, 0.2, 0.2, 0.95, 0.85, 4096, 25, 0.6498]
[0.30000000000000004, 0.2, 0.2, 0.95, 0.85, 4096, 25, 0.6498]
[0.5, 0.2, 0.2, 0.95, 0.85, 4096, 25, 0.6498]
[0.7000000000000001, 0.2, 0.2, 0.95, 0.85, 4096, 25, 0.6498]
[0.9, 0.2, 0.2, 0.95, 0.85, 4096, 25, 0.6498]
