,hamming_distance
0,40
1,25
2,26
3,28
4,29
5,34
6,32
7,32
8,25
9,22
10,22
11,40
12,29
13,25
14,28
15,25
16,30
17,31
18,25
19,46
20,25
21,40
22,27
23,24
24,24
25,26
26,28
27,24
28,26
29,26
30,40
31,26
32,29
33,27
34,30
35,28
36,23
37,35
38,28
39,40
40,27
41,27
42,40
43,33
44,31
45,28
46,30
47,41
48,36
49,23
50,30
51,28
52,25
53,25
54,31
55,30
56,28
57,25
58,40
59,27
60,41
61,27
62,27
63,26
64,19
65,24
66,28
67,36
68,33
69,33
70,21
71,25
72,21
73,32
74,36
75,26
76,22
77,32
78,22
79,25
80,31
81,36
82,22
83,31
84,29
85,24
86,22
87,35
88,25
89,26
90,36
91,32
92,23
93,28
94,21
95,29
96,23
97,30
98,38
99,22
100,22
101,37
102,30
103,21
104,24
105,29
106,25
107,30
108,37
109,22
110,24
111,21
112,35
113,26
114,38
115,27
116,36
117,20
118,26
119,27
120,23
121,24
122,37
123,25
124,22
125,23
126,35
127,22
128,33
129,35
130,24
131,25
132,39
133,34
134,28
135,19
136,18
137,25
138,24
139,25
140,24
141,40
142,25
143,25
144,39
145,24
146,25
147,28
148,38
149,25
150,24
151,30
152,26
153,26
154,24
155,27
156,40
157,28
158,32
159,24
160,37
161,23
162,24
163,26
164,27
165,31
166,28
167,26
168,22
169,27
170,28
171,27
172,25
173,24
174,27
175,27
176,22
177,32
178,35
179,24
180,31
181,24
182,40
183,26
184,30
185,27
186,36
187,25
188,26
189,25
190,25
191,31
192,27
193,22
194,39
195,32
196,32
197,22
198,24
199,26
200,21
201,25
202,25
203,38
204,32
205,36
206,28
207,24
208,28
209,22
210,27
211,38
212,31
213,31
214,38
215,30
216,19
217,30
218,22
219,19
220,25
221,25
222,38
223,24
224,27
225,22
226,31
227,24
228,33
229,33
230,27
231,34
232,31
233,37
234,30
235,30
236,24
237,19
238,27
239,21
240,24
241,27
242,19
243,33
244,21
245,23
246,25
247,33
248,39
249,38
250,31
251,25
252,24
