,hamming_distance
0,29
1,25
2,32
3,19
4,27
5,16
6,17
7,28
8,30
9,27
10,22
11,21
12,25
13,31
14,20
15,18
16,24
17,21
18,23
19,22
20,27
21,31
22,23
23,22
24,22
25,27
26,20
27,33
28,19
29,20
30,28
31,35
32,22
33,32
34,14
35,23
36,23
37,15
38,26
39,26
40,25
41,19
42,26
43,20
44,23
45,23
46,31
47,21
48,18
49,30
50,22
51,23
52,21
53,18
54,22
55,12
56,22
57,23
58,25
59,21
60,14
61,14
62,21
63,23
64,33
65,23
66,23
67,11
68,31
69,22
70,28
71,24
72,22
73,19
74,14
75,23
76,22
77,23
78,27
79,16
80,14
81,22
82,26
83,24
84,31
85,28
86,12
87,21
88,23
89,26
90,19
91,22
92,22
93,20
94,15
95,31
96,26
97,28
98,23
99,18
100,32
101,20
102,18
103,21
104,18
105,20
106,26
107,28
108,21
109,22
110,28
111,28
112,24
113,29
114,20
115,21
116,19
117,20
118,21
119,21
120,16
121,30
122,23
123,28
124,24
125,21
126,28
127,19
128,23
129,27
130,26
131,16
132,22
133,21
134,11
135,19
136,23
137,20
138,31
139,22
140,22
141,22
142,18
143,24
144,20
145,21
146,21
147,13
148,29
149,19
150,28
151,14
152,22
153,21
154,26
155,20
156,22
157,23
158,29
159,35
160,24
161,23
162,17
163,21
164,24
165,25
166,27
167,23
168,14
169,14
170,14
171,16
172,34
173,27
174,19
175,18
176,22
177,26
178,17
179,18
180,19
181,21
182,20
183,21
184,23
185,18
186,27
187,17
188,25
189,25
190,14
191,19
192,14
193,31
194,24
195,29
196,12
197,21
198,23
199,19
200,22
201,27
202,20
203,29
204,11
205,14
206,29
207,20
208,22
209,23
210,18
211,17
212,19
213,28
214,20
215,23
216,22
217,21
218,28
219,23
220,40
221,19
222,21
223,16
224,22
225,27
226,22
227,25
228,21
229,20
230,19
231,27
232,23
233,24
234,23
235,19
236,21
237,14
238,13
239,31
240,16
241,22
242,19
243,28
244,25
245,29
246,17
247,20
248,23
249,24
250,20
251,20
252,27
