,hamming_distance
0,13
1,15
2,10
3,15
4,12
5,12
6,15
7,10
8,12
9,15
10,13
11,12
12,11
13,14
14,11
15,14
16,14
17,14
18,13
19,13
20,12
21,15
22,13
23,14
24,13
25,12
26,13
27,14
28,13
29,13
30,15
31,12
32,14
33,14
34,13
35,14
36,13
37,12
38,13
39,12
40,13
41,14
42,18
43,16
44,14
45,14
46,14
47,14
48,14
49,10
50,14
51,15
52,13
53,12
54,13
55,13
56,14
57,15
58,13
59,15
60,14
61,13
62,13
63,10
64,12
65,12
66,10
67,13
68,11
69,12
70,13
71,13
72,14
73,13
74,10
75,13
76,13
77,14
78,12
79,12
80,14
81,11
82,13
83,17
84,16
85,13
86,13
87,12
88,13
89,13
90,14
91,14
92,11
93,13
94,14
95,13
96,14
97,14
98,19
99,14
100,13
101,14
102,15
103,13
104,16
105,12
106,13
107,13
108,11
109,12
110,13
111,29
112,16
113,19
114,14
115,14
116,16
117,15
118,17
119,18
120,10
121,13
122,12
123,14
124,12
125,14
126,14
127,12
128,13
129,14
130,13
131,17
132,14
133,13
134,13
135,12
136,13
137,12
138,14
139,12
140,14
141,11
142,12
143,14
144,14
145,12
146,14
147,13
148,12
149,14
150,13
151,12
152,13
153,13
154,13
155,14
156,13
157,14
158,12
159,16
160,16
161,12
162,13
163,14
164,13
165,12
166,12
167,14
168,12
169,14
170,13
171,13
172,13
173,13
174,17
175,13
176,13
177,12
178,14
179,14
180,14
181,13
182,11
183,12
184,17
185,12
186,12
187,13
188,13
189,12
190,13
191,14
192,11
193,11
194,23
195,13
196,15
197,11
198,11
199,14
200,12
201,13
202,12
203,13
204,12
205,12
206,12
207,13
208,11
209,12
210,12
211,11
212,13
213,19
214,12
215,11
216,11
217,12
218,15
219,11
220,11
221,16
222,13
223,11
224,11
225,12
226,11
227,12
228,15
229,12
230,12
231,14
232,12
233,13
234,13
235,12
236,10
237,16
238,13
239,11
240,13
241,13
242,10
243,11
244,12
245,13
246,13
247,11
248,12
249,13
250,12
251,16
252,9
