,hamming_distance
0,22
1,23
2,19
3,20
4,19
5,17
6,24
7,21
8,28
9,18
10,29
11,31
12,13
13,23
14,20
15,17
16,18
17,20
18,35
19,35
20,22
21,23
22,25
23,31
24,23
25,20
26,19
27,22
28,40
29,25
30,17
31,30
32,27
33,26
34,21
35,31
36,25
37,23
38,20
39,14
40,21
41,26
42,24
43,23
44,19
45,26
46,22
47,32
48,24
49,17
50,27
51,19
52,22
53,18
54,19
55,11
56,20
57,19
58,22
59,21
60,22
61,19
62,23
63,20
64,27
65,14
66,20
67,22
68,20
69,24
70,27
71,26
72,33
73,23
74,21
75,14
76,21
77,14
78,12
79,16
80,29
81,15
82,18
83,21
84,30
85,21
86,26
87,21
88,28
89,23
90,22
91,17
92,23
93,24
94,19
95,23
96,23
97,28
98,21
99,28
100,16
101,20
102,22
103,31
104,23
105,31
106,28
107,20
108,16
109,25
110,16
111,28
112,19
113,23
114,19
115,21
116,21
117,28
118,30
119,28
120,23
121,21
122,21
123,22
124,27
125,20
126,16
127,14
128,18
129,23
130,23
131,21
132,20
133,21
134,23
135,29
136,22
137,20
138,33
139,21
140,28
141,11
142,18
143,23
144,20
145,23
146,26
147,29
148,26
149,25
150,16
151,26
152,13
153,14
154,23
155,22
156,28
157,27
158,19
159,12
160,29
161,19
162,22
163,22
164,11
165,25
166,17
167,23
168,22
169,31
170,20
171,27
172,20
173,27
174,29
175,12
176,22
177,29
178,14
179,27
180,26
181,31
182,18
183,28
184,19
185,22
186,23
187,22
188,23
189,22
190,24
191,22
192,29
193,22
194,32
195,14
196,14
197,21
198,21
199,21
200,22
201,27
202,20
203,31
204,27
205,23
206,18
207,23
208,25
209,26
210,14
211,20
212,23
213,19
214,22
215,21
216,22
217,21
218,28
219,18
220,14
221,27
222,24
223,18
224,14
225,24
226,15
227,28
228,25
229,19
230,27
231,19
232,31
233,24
234,23
235,21
236,19
237,18
238,14
239,23
240,16
241,22
242,28
243,21
244,22
245,24
246,21
247,25
248,22
249,24
250,20
251,32
252,34
