,hamming_distance
0,17
1,11
2,13
3,18
4,14
5,10
6,13
7,15
8,15
9,16
10,15
11,11
12,16
13,17
14,15
15,18
16,10
17,9
18,14
19,9
20,17
21,13
22,15
23,16
24,17
25,12
26,18
27,17
28,16
29,18
30,11
31,13
32,16
33,12
34,15
35,11
36,17
37,11
38,16
39,16
40,12
41,13
42,11
43,12
44,18
45,16
46,14
47,11
48,16
49,12
50,17
51,15
52,18
53,14
54,17
55,13
56,18
57,16
58,10
59,16
60,13
61,17
62,15
63,15
64,17
65,17
66,16
67,12
68,15
69,17
70,15
71,18
72,10
73,11
74,16
75,18
76,10
77,16
78,15
79,11
80,18
81,17
82,13
83,15
84,7
85,13
86,11
87,17
88,15
89,17
90,15
91,13
92,13
93,11
94,10
95,17
96,11
97,13
98,17
99,17
100,16
101,13
102,20
103,16
104,15
105,13
106,10
107,9
108,14
109,18
110,17
111,11
112,17
113,15
114,16
115,8
116,14
117,18
118,12
119,19
120,15
121,17
122,13
123,11
124,14
125,21
126,11
127,17
128,18
129,10
130,15
131,14
132,11
133,17
134,11
135,11
136,17
137,18
138,15
139,16
140,14
141,10
142,10
143,15
144,11
145,18
146,10
147,16
148,17
149,10
150,15
151,12
152,17
153,17
154,16
155,17
156,9
157,11
158,12
159,19
160,17
161,15
162,13
163,10
164,18
165,13
166,21
167,10
168,15
169,18
170,12
171,14
172,18
173,13
174,11
175,17
176,12
177,14
178,16
179,11
180,15
181,18
182,18
183,17
184,11
185,11
186,14
187,12
188,10
189,16
190,15
191,16
192,13
193,9
194,16
195,15
196,13
197,16
198,15
199,24
200,15
201,18
202,15
203,12
204,16
205,15
206,16
207,11
208,11
209,14
210,14
211,14
212,14
213,21
214,15
215,16
216,11
217,15
218,11
219,16
220,11
221,21
222,11
223,13
224,12
225,12
226,17
227,10
228,14
229,15
230,18
231,16
232,10
233,12
234,12
235,15
236,15
237,19
238,10
239,16
240,11
241,15
242,15
243,16
244,14
245,17
246,11
247,10
248,11
249,11
250,13
251,15
252,18
