,hamming_distance
0,9
1,7
2,6
3,6
4,6
5,8
6,5
7,8
8,5
9,7
10,7
11,5
12,7
13,6
14,10
15,6
16,10
17,7
18,5
19,8
20,3
21,6
22,6
23,6
24,7
25,6
26,7
27,7
28,5
29,7
30,7
31,6
32,7
33,7
34,4
35,4
36,7
37,6
38,6
39,5
40,3
41,5
42,8
43,6
44,5
45,7
46,5
47,6
48,7
49,4
50,7
51,6
52,7
53,7
54,6
55,6
56,7
57,7
58,8
59,6
60,5
61,6
62,3
63,5
64,8
65,10
66,7
67,6
68,5
69,5
70,7
71,6
72,5
73,6
74,5
75,8
76,7
77,5
78,5
79,6
80,8
81,9
82,5
83,4
84,6
85,6
86,6
87,7
88,7
89,6
90,7
91,7
92,5
93,5
94,7
95,7
96,7
97,6
98,6
99,8
100,9
101,7
102,5
103,10
104,6
105,7
106,6
107,6
108,7
109,7
110,6
111,6
112,10
113,7
114,7
115,5
116,8
117,7
118,7
119,7
120,8
121,5
122,6
123,4
124,5
125,7
126,5
127,6
128,6
129,6
130,5
131,8
132,7
133,5
134,8
135,6
136,7
137,6
138,5
139,6
140,5
141,8
142,6
143,5
144,6
145,9
146,7
147,4
148,14
149,6
150,7
151,3
152,8
153,4
154,6
155,7
156,7
157,5
158,7
159,7
160,6
161,7
162,7
163,7
164,6
165,5
166,6
167,4
168,8
169,10
170,6
171,6
172,5
173,5
174,5
175,7
176,8
177,4
178,7
179,7
180,6
181,5
182,6
183,6
184,5
185,7
186,6
187,6
188,7
189,3
190,9
191,10
192,7
193,7
194,6
195,7
196,4
197,4
198,5
199,6
200,7
201,4
202,6
203,5
204,10
205,7
206,4
207,6
208,5
209,6
210,4
211,12
212,3
213,7
214,7
215,6
216,6
217,8
218,7
219,10
220,8
221,7
222,7
223,9
224,7
225,7
226,6
227,6
228,6
229,8
230,5
231,8
232,7
233,8
234,6
235,6
236,6
237,6
238,8
239,3
240,8
241,9
242,5
243,6
244,6
245,7
246,4
247,5
248,6
249,5
250,7
251,4
252,6
