,hamming_distance
0,34
1,40
2,28
3,24
4,20
5,28
6,22
7,22
8,16
9,26
10,19
11,31
12,24
13,14
14,22
15,27
16,19
17,20
18,24
19,22
20,20
21,28
22,23
23,22
24,26
25,23
26,27
27,24
28,21
29,26
30,16
31,23
32,27
33,20
34,17
35,18
36,21
37,29
38,17
39,23
40,19
41,19
42,21
43,24
44,20
45,14
46,31
47,22
48,21
49,12
50,28
51,25
52,26
53,17
54,14
55,20
56,21
57,23
58,21
59,27
60,23
61,32
62,23
63,16
64,24
65,18
66,29
67,20
68,22
69,19
70,35
71,23
72,23
73,27
74,22
75,20
76,22
77,29
78,30
79,29
80,28
81,23
82,19
83,18
84,20
85,20
86,21
87,26
88,23
89,19
90,17
91,20
92,26
93,24
94,21
95,17
96,25
97,22
98,23
99,14
100,23
101,14
102,21
103,31
104,33
105,25
106,20
107,21
108,29
109,22
110,18
111,19
112,20
113,20
114,27
115,19
116,23
117,21
118,26
119,27
120,31
121,23
122,24
123,27
124,22
125,25
126,14
127,22
128,18
129,22
130,18
131,18
132,31
133,28
134,22
135,21
136,21
137,35
138,22
139,29
140,21
141,15
142,14
143,22
144,23
145,31
146,14
147,15
148,22
149,32
150,16
151,21
152,24
153,23
154,23
155,22
156,19
157,25
158,11
159,27
160,23
161,28
162,31
163,26
164,22
165,25
166,31
167,20
168,16
169,23
170,13
171,21
172,28
173,28
174,28
175,20
176,21
177,21
178,22
179,25
180,25
181,23
182,22
183,18
184,21
185,11
186,20
187,31
188,19
189,20
190,23
191,29
192,20
193,28
194,19
195,19
196,24
197,32
198,27
199,26
200,21
201,21
202,27
203,14
204,19
205,23
206,28
207,29
208,18
209,18
210,20
211,21
212,23
213,25
214,23
215,21
216,30
217,16
218,23
219,23
220,14
221,22
222,18
223,14
224,24
225,27
226,11
227,16
228,19
229,22
230,13
231,28
232,14
233,14
234,17
235,21
236,19
237,19
238,23
239,22
240,22
241,19
242,23
243,33
244,27
245,12
246,21
247,22
248,12
249,30
250,22
251,26
252,28
