,hamming_distance
0,17
1,21
2,18
3,16
4,14
5,17
6,17
7,15
8,14
9,18
10,17
11,13
12,11
13,13
14,11
15,16
16,16
17,17
18,16
19,12
20,10
21,17
22,16
23,15
24,14
25,15
26,15
27,15
28,15
29,11
30,18
31,11
32,17
33,18
34,14
35,14
36,12
37,15
38,12
39,12
40,15
41,18
42,11
43,17
44,11
45,15
46,18
47,15
48,14
49,13
50,13
51,17
52,16
53,13
54,15
55,11
56,10
57,11
58,16
59,15
60,17
61,17
62,16
63,18
64,21
65,12
66,15
67,10
68,15
69,19
70,14
71,14
72,17
73,11
74,18
75,15
76,18
77,10
78,16
79,18
80,11
81,13
82,15
83,16
84,11
85,15
86,13
87,15
88,7
89,12
90,18
91,13
92,18
93,17
94,15
95,11
96,17
97,17
98,18
99,15
100,10
101,17
102,11
103,15
104,12
105,17
106,11
107,10
108,17
109,17
110,14
111,19
112,14
113,15
114,14
115,14
116,11
117,12
118,9
119,15
120,12
121,16
122,18
123,16
124,21
125,11
126,17
127,11
128,15
129,10
130,17
131,17
132,18
133,16
134,11
135,15
136,13
137,20
138,16
139,16
140,17
141,10
142,16
143,15
144,15
145,12
146,9
147,9
148,12
149,13
150,14
151,15
152,13
153,10
154,10
155,15
156,17
157,16
158,13
159,15
160,17
161,15
162,11
163,24
164,13
165,16
166,13
167,10
168,15
169,18
170,18
171,12
172,18
173,11
174,10
175,16
176,9
177,17
178,16
179,15
180,16
181,16
182,11
183,11
184,10
185,10
186,13
187,17
188,17
189,10
190,12
191,18
192,18
193,10
194,15
195,21
196,12
197,15
198,12
199,16
200,13
201,17
202,11
203,11
204,18
205,10
206,12
207,15
208,14
209,16
210,11
211,16
212,17
213,13
214,15
215,11
216,13
217,10
218,11
219,13
220,14
221,16
222,11
223,16
224,16
225,14
226,8
227,17
228,13
229,16
230,12
231,13
232,11
233,16
234,10
235,16
236,17
237,19
238,11
239,16
240,14
241,11
242,11
243,18
244,9
245,15
246,18
247,14
248,15
249,17
250,11
251,13
252,11
