,hamming_distance
0,2
1,4
2,5
3,2
4,2
5,2
6,2
7,4
8,4
9,2
10,2
11,2
12,4
13,3
14,4
15,2
16,2
17,2
18,3
19,3
20,2
21,2
22,3
23,2
24,3
25,3
26,3
27,2
28,5
29,2
30,2
31,2
32,3
33,3
34,2
35,2
36,5
37,3
38,4
39,3
40,2
41,3
42,2
43,3
44,4
45,3
46,3
47,3
48,2
49,2
50,2
51,5
52,2
53,2
54,5
55,4
56,2
57,3
58,2
59,3
60,3
61,2
62,2
63,2
64,3
65,4
66,2
67,2
68,2
69,5
70,4
71,5
72,2
73,2
74,4
75,2
76,3
77,3
78,2
79,5
80,5
81,2
82,2
83,3
84,2
85,2
86,5
87,4
88,3
89,2
90,2
91,2
92,3
93,2
94,2
95,5
96,2
97,3
98,2
99,3
100,5
101,2
102,2
103,2
104,4
105,2
106,3
107,2
108,3
109,4
110,5
111,4
112,4
113,3
114,2
115,5
116,3
117,2
118,5
119,3
120,2
121,3
122,2
123,2
124,2
125,2
126,2
127,2
128,5
129,2
130,5
131,3
132,2
133,4
134,3
135,3
136,3
137,5
138,4
139,3
140,2
141,2
142,3
143,5
144,3
145,2
146,3
147,5
148,4
149,2
150,3
151,2
152,3
153,3
154,3
155,5
156,2
157,2
158,5
159,3
160,3
161,3
162,3
163,2
164,5
165,2
166,2
167,3
168,2
169,2
170,4
171,4
172,2
173,4
174,2
175,3
176,2
177,5
178,3
179,2
180,4
181,2
182,3
183,3
184,2
185,2
186,2
187,5
188,3
189,5
190,3
191,2
192,3
193,5
194,2
195,2
196,3
197,3
198,4
199,4
200,2
201,5
202,2
203,2
204,3
205,2
206,3
207,2
208,3
209,5
210,3
211,2
212,5
213,2
214,3
215,4
216,5
217,3
218,2
219,2
220,2
221,2
222,2
223,3
224,5
225,2
226,4
227,4
228,4
229,2
230,2
231,2
232,3
233,4
234,5
235,2
236,5
237,2
238,4
239,3
240,2
241,2
242,3
243,2
244,3
245,5
246,3
247,2
248,3
249,2
250,3
251,2
252,2
