,hamming_distance
0,10
1,13
2,14
3,11
4,12
5,15
6,10
7,14
8,18
9,17
10,17
11,13
12,16
13,12
14,17
15,17
16,11
17,15
18,16
19,13
20,15
21,18
22,18
23,11
24,14
25,10
26,11
27,15
28,10
29,16
30,11
31,14
32,16
33,14
34,15
35,16
36,17
37,11
38,17
39,10
40,16
41,12
42,14
43,14
44,15
45,13
46,15
47,17
48,15
49,18
50,17
51,18
52,10
53,21
54,10
55,11
56,17
57,13
58,19
59,15
60,13
61,15
62,15
63,14
64,16
65,15
66,18
67,15
68,15
69,16
70,11
71,10
72,15
73,18
74,16
75,17
76,11
77,18
78,11
79,9
80,11
81,17
82,11
83,18
84,11
85,13
86,16
87,17
88,13
89,20
90,15
91,12
92,16
93,12
94,18
95,13
96,9
97,11
98,21
99,18
100,13
101,18
102,14
103,17
104,10
105,15
106,15
107,15
108,13
109,9
110,16
111,10
112,18
113,15
114,16
115,24
116,13
117,11
118,17
119,17
120,11
121,15
122,11
123,15
124,16
125,19
126,10
127,13
128,15
129,16
130,9
131,17
132,12
133,12
134,16
135,7
136,15
137,11
138,11
139,16
140,16
141,16
142,17
143,15
144,12
145,16
146,13
147,16
148,13
149,13
150,11
151,13
152,21
153,18
154,12
155,18
156,11
157,14
158,14
159,16
160,12
161,15
162,11
163,17
164,10
165,18
166,17
167,16
168,14
169,16
170,10
171,11
172,15
173,13
174,12
175,13
176,11
177,14
178,11
179,16
180,13
181,14
182,11
183,17
184,10
185,17
186,17
187,15
188,17
189,14
190,18
191,12
192,18
193,17
194,17
195,19
196,15
197,15
198,17
199,14
200,15
201,15
202,11
203,10
204,15
205,15
206,15
207,18
208,15
209,16
210,17
211,18
212,21
213,11
214,11
215,11
216,18
217,13
218,9
219,16
220,17
221,14
222,14
223,17
224,17
225,10
226,12
227,16
228,17
229,15
230,10
231,13
232,11
233,12
234,11
235,16
236,11
237,16
238,11
239,18
240,15
241,16
242,8
243,10
244,17
245,12
246,12
247,17
248,12
249,15
250,18
251,16
252,10
