,hamming_distance
0,7
1,6
2,5
3,6
4,8
5,6
6,5
7,6
8,5
9,6
10,5
11,8
12,8
13,9
14,5
15,9
16,6
17,8
18,5
19,6
20,5
21,8
22,6
23,5
24,6
25,7
26,5
27,7
28,5
29,7
30,5
31,8
32,7
33,10
34,5
35,8
36,6
37,7
38,6
39,10
40,9
41,9
42,6
43,6
44,8
45,6
46,12
47,7
48,6
49,7
50,6
51,7
52,8
53,4
54,7
55,4
56,7
57,6
58,5
59,6
60,7
61,6
62,7
63,7
64,7
65,6
66,8
67,6
68,7
69,7
70,5
71,7
72,7
73,6
74,10
75,8
76,7
77,6
78,5
79,6
80,7
81,6
82,4
83,7
84,5
85,7
86,8
87,9
88,4
89,7
90,5
91,6
92,9
93,7
94,5
95,6
96,5
97,6
98,4
99,7
100,6
101,7
102,6
103,6
104,6
105,5
106,7
107,6
108,3
109,7
110,10
111,9
112,8
113,5
114,4
115,6
116,6
117,5
118,6
119,7
120,5
121,7
122,5
123,7
124,7
125,7
126,8
127,5
128,7
129,6
130,7
131,3
132,6
133,5
134,8
135,6
136,7
137,6
138,4
139,4
140,7
141,6
142,7
143,7
144,7
145,6
146,3
147,6
148,4
149,5
150,7
151,6
152,6
153,5
154,8
155,6
156,7
157,5
158,6
159,5
160,7
161,7
162,6
163,6
164,5
165,7
166,4
167,10
168,8
169,6
170,6
171,6
172,6
173,6
174,4
175,4
176,8
177,4
178,7
179,7
180,5
181,8
182,6
183,10
184,7
185,7
186,3
187,6
188,5
189,10
190,7
191,5
192,7
193,5
194,5
195,8
196,6
197,7
198,10
199,7
200,14
201,5
202,6
203,6
204,7
205,5
206,7
207,7
208,6
209,8
210,6
211,6
212,6
213,8
214,6
215,7
216,7
217,7
218,7
219,5
220,7
221,5
222,10
223,7
224,6
225,6
226,7
227,6
228,7
229,7
230,4
231,7
232,6
233,3
234,3
235,7
236,7
237,6
238,7
239,6
240,5
241,3
242,4
243,5
244,5
245,6
246,5
247,4
248,6
249,8
250,7
251,8
252,6
