,hamming_distance
0,7
1,6
2,6
3,8
4,8
5,5
6,5
7,6
8,4
9,6
10,7
11,7
12,6
13,7
14,7
15,5
16,7
17,7
18,7
19,5
20,6
21,6
22,7
23,6
24,5
25,6
26,5
27,5
28,10
29,14
30,10
31,6
32,6
33,8
34,6
35,7
36,4
37,6
38,6
39,5
40,7
41,8
42,9
43,5
44,5
45,8
46,7
47,7
48,6
49,5
50,10
51,4
52,7
53,6
54,7
55,6
56,5
57,4
58,7
59,6
60,7
61,6
62,8
63,4
64,3
65,6
66,6
67,8
68,8
69,8
70,7
71,3
72,7
73,4
74,6
75,4
76,5
77,10
78,6
79,3
80,6
81,6
82,6
83,5
84,5
85,7
86,8
87,3
88,7
89,5
90,6
91,5
92,4
93,10
94,6
95,7
96,7
97,4
98,7
99,5
100,5
101,5
102,6
103,5
104,6
105,7
106,5
107,10
108,6
109,7
110,7
111,6
112,7
113,7
114,7
115,7
116,5
117,5
118,6
119,6
120,9
121,10
122,4
123,6
124,4
125,7
126,10
127,7
128,6
129,6
130,5
131,7
132,7
133,6
134,6
135,5
136,6
137,7
138,9
139,6
140,4
141,6
142,5
143,5
144,7
145,5
146,8
147,8
148,8
149,6
150,5
151,7
152,9
153,8
154,3
155,4
156,4
157,6
158,8
159,7
160,9
161,5
162,5
163,3
164,6
165,7
166,6
167,7
168,7
169,7
170,8
171,7
172,7
173,6
174,7
175,6
176,9
177,8
178,6
179,6
180,7
181,7
182,5
183,6
184,7
185,7
186,7
187,7
188,6
189,6
190,6
191,7
192,6
193,6
194,4
195,7
196,7
197,5
198,10
199,5
200,8
201,6
202,7
203,7
204,5
205,6
206,5
207,5
208,7
209,6
210,6
211,7
212,5
213,6
214,6
215,7
216,6
217,3
218,5
219,8
220,7
221,6
222,12
223,6
224,8
225,8
226,7
227,8
228,6
229,7
230,6
231,5
232,6
233,4
234,6
235,5
236,7
237,6
238,6
239,7
240,5
241,6
242,8
243,7
244,9
245,7
246,7
247,7
248,6
249,7
250,5
251,8
252,7
