,hamming_distance
0,7
1,4
2,3
3,3
4,3
5,4
6,5
7,4
8,3
9,4
10,6
11,6
12,5
13,3
14,4
15,4
16,4
17,4
18,3
19,4
20,3
21,6
22,3
23,4
24,7
25,4
26,3
27,4
28,5
29,4
30,4
31,4
32,6
33,3
34,7
35,4
36,4
37,4
38,5
39,4
40,5
41,4
42,4
43,7
44,3
45,3
46,6
47,4
48,4
49,4
50,7
51,4
52,4
53,4
54,6
55,3
56,6
57,4
58,3
59,7
60,6
61,4
62,4
63,4
64,4
65,4
66,4
67,7
68,4
69,3
70,3
71,3
72,3
73,3
74,4
75,6
76,3
77,3
78,4
79,4
80,4
81,3
82,5
83,4
84,4
85,4
86,3
87,3
88,5
89,3
90,5
91,4
92,7
93,4
94,5
95,4
96,3
97,5
98,3
99,4
100,4
101,4
102,4
103,4
104,3
105,4
106,4
107,7
108,4
109,3
110,3
111,3
112,4
113,6
114,4
115,4
116,4
117,4
118,4
119,4
120,4
121,3
122,3
123,4
124,4
125,4
126,5
127,3
128,4
129,4
130,3
131,6
132,5
133,7
134,4
135,4
136,4
137,6
138,4
139,7
140,3
141,3
142,4
143,3
144,5
145,4
146,4
147,4
148,6
149,4
150,5
151,4
152,4
153,4
154,3
155,6
156,4
157,3
158,4
159,4
160,4
161,4
162,4
163,4
164,4
165,5
166,6
167,4
168,4
169,4
170,4
171,4
172,4
173,3
174,3
175,6
176,3
177,4
178,3
179,3
180,7
181,4
182,3
183,4
184,4
185,7
186,4
187,3
188,4
189,7
190,4
191,3
192,3
193,3
194,3
195,3
196,5
197,4
198,3
199,7
200,4
201,6
202,4
203,6
204,4
205,4
206,4
207,6
208,5
209,7
210,7
211,3
212,4
213,10
214,4
215,3
216,4
217,4
218,3
219,6
220,7
221,4
222,4
223,7
224,3
225,4
226,4
227,3
228,3
229,3
230,5
231,4
232,3
233,4
234,3
235,4
236,6
237,3
238,4
239,4
240,4
241,4
242,3
243,4
244,4
245,7
246,3
247,3
248,5
249,4
250,4
251,3
252,4
