,hamming_distance
0,7
1,8
2,5
3,5
4,8
5,7
6,10
7,8
8,6
9,6
10,8
11,3
12,6
13,5
14,7
15,4
16,9
17,6
18,7
19,7
20,7
21,6
22,7
23,5
24,6
25,7
26,7
27,7
28,4
29,6
30,6
31,7
32,6
33,6
34,6
35,8
36,6
37,6
38,6
39,7
40,7
41,4
42,3
43,8
44,8
45,6
46,7
47,5
48,6
49,7
50,7
51,6
52,5
53,7
54,6
55,5
56,7
57,7
58,7
59,7
60,6
61,9
62,7
63,6
64,7
65,6
66,5
67,6
68,6
69,5
70,6
71,8
72,7
73,7
74,8
75,4
76,6
77,3
78,4
79,10
80,7
81,6
82,7
83,7
84,5
85,6
86,7
87,7
88,7
89,6
90,9
91,4
92,6
93,6
94,7
95,7
96,5
97,5
98,7
99,7
100,7
101,5
102,6
103,7
104,6
105,9
106,7
107,6
108,7
109,6
110,5
111,3
112,5
113,6
114,6
115,7
116,10
117,5
118,6
119,4
120,3
121,7
122,6
123,7
124,9
125,4
126,5
127,8
128,7
129,9
130,6
131,4
132,6
133,5
134,7
135,5
136,7
137,6
138,14
139,5
140,10
141,5
142,5
143,5
144,5
145,8
146,5
147,5
148,5
149,8
150,7
151,4
152,7
153,3
154,6
155,4
156,5
157,8
158,7
159,6
160,6
161,5
162,5
163,8
164,7
165,5
166,6
167,3
168,7
169,6
170,6
171,8
172,7
173,4
174,7
175,4
176,10
177,7
178,6
179,5
180,10
181,8
182,6
183,7
184,7
185,6
186,4
187,5
188,8
189,7
190,5
191,7
192,7
193,5
194,6
195,7
196,12
197,6
198,5
199,5
200,6
201,7
202,6
203,4
204,7
205,6
206,5
207,8
208,6
209,5
210,6
211,6
212,6
213,6
214,7
215,6
216,6
217,10
218,7
219,5
220,6
221,5
222,6
223,6
224,6
225,7
226,7
227,9
228,5
229,8
230,7
231,8
232,7
233,6
234,8
235,6
236,6
237,5
238,10
239,8
240,6
241,7
242,7
243,4
244,7
245,5
246,8
247,7
248,8
249,6
250,6
251,6
252,10
