,hamming_distance
0,7
1,4
2,3
3,4
4,4
5,3
6,6
7,4
8,6
9,4
10,6
11,3
12,4
13,4
14,3
15,4
16,6
17,3
18,4
19,4
20,3
21,6
22,6
23,3
24,3
25,4
26,4
27,3
28,4
29,4
30,4
31,3
32,4
33,4
34,5
35,3
36,3
37,4
38,7
39,3
40,4
41,4
42,4
43,3
44,4
45,4
46,4
47,3
48,3
49,4
50,7
51,5
52,4
53,7
54,4
55,4
56,3
57,3
58,4
59,4
60,4
61,4
62,3
63,4
64,3
65,3
66,4
67,4
68,4
69,3
70,4
71,3
72,4
73,5
74,7
75,4
76,7
77,3
78,4
79,4
80,4
81,4
82,3
83,4
84,4
85,4
86,3
87,3
88,6
89,6
90,10
91,4
92,4
93,4
94,4
95,7
96,5
97,3
98,4
99,4
100,4
101,6
102,5
103,4
104,4
105,4
106,3
107,4
108,7
109,4
110,4
111,4
112,3
113,4
114,4
115,3
116,7
117,4
118,5
119,4
120,6
121,4
122,4
123,4
124,3
125,4
126,4
127,5
128,4
129,7
130,3
131,3
132,6
133,5
134,6
135,7
136,5
137,4
138,3
139,7
140,6
141,3
142,3
143,4
144,5
145,4
146,4
147,3
148,4
149,6
150,4
151,4
152,4
153,4
154,3
155,4
156,4
157,7
158,3
159,4
160,3
161,4
162,6
163,4
164,4
165,5
166,3
167,4
168,3
169,3
170,3
171,5
172,6
173,7
174,4
175,3
176,4
177,3
178,4
179,4
180,4
181,3
182,4
183,5
184,3
185,3
186,3
187,7
188,4
189,7
190,4
191,7
192,3
193,3
194,4
195,4
196,4
197,7
198,5
199,5
200,5
201,4
202,4
203,6
204,7
205,4
206,4
207,4
208,3
209,3
210,3
211,6
212,3
213,3
214,4
215,4
216,5
217,4
218,3
219,3
220,4
221,6
222,4
223,4
224,4
225,4
226,6
227,4
228,3
229,4
230,4
231,4
232,5
233,5
234,4
235,3
236,4
237,4
238,3
239,4
240,3
241,4
242,3
243,4
244,4
245,4
246,6
247,7
248,3
249,4
250,4
251,3
252,4
