,hamming_distance
0,6
1,4
2,4
3,4
4,6
5,3
6,3
7,4
8,5
9,4
10,7
11,4
12,4
13,4
14,4
15,3
16,4
17,4
18,4
19,3
20,4
21,4
22,3
23,4
24,4
25,4
26,4
27,3
28,4
29,7
30,4
31,4
32,4
33,4
34,6
35,3
36,4
37,4
38,6
39,4
40,4
41,4
42,7
43,5
44,4
45,3
46,4
47,4
48,5
49,6
50,4
51,4
52,4
53,4
54,4
55,5
56,3
57,4
58,3
59,5
60,3
61,4
62,4
63,4
64,6
65,5
66,3
67,4
68,3
69,3
70,4
71,6
72,4
73,4
74,4
75,7
76,3
77,4
78,3
79,5
80,4
81,7
82,3
83,4
84,4
85,4
86,3
87,4
88,4
89,4
90,3
91,3
92,4
93,3
94,4
95,3
96,3
97,3
98,3
99,4
100,3
101,4
102,4
103,4
104,4
105,5
106,4
107,3
108,4
109,7
110,3
111,5
112,5
113,4
114,3
115,7
116,4
117,3
118,6
119,4
120,3
121,4
122,3
123,3
124,3
125,4
126,7
127,3
128,4
129,3
130,3
131,3
132,6
133,5
134,3
135,4
136,4
137,3
138,4
139,3
140,4
141,4
142,3
143,4
144,5
145,4
146,4
147,5
148,4
149,4
150,3
151,4
152,4
153,6
154,4
155,6
156,4
157,6
158,4
159,4
160,4
161,4
162,4
163,6
164,3
165,7
166,4
167,4
168,4
169,4
170,6
171,4
172,4
173,4
174,7
175,3
176,3
177,7
178,3
179,4
180,4
181,4
182,10
183,5
184,4
185,7
186,4
187,7
188,7
189,6
190,3
191,3
192,4
193,4
194,3
195,3
196,6
197,3
198,6
199,4
200,4
201,4
202,3
203,3
204,7
205,4
206,5
207,3
208,6
209,7
210,4
211,4
212,7
213,4
214,7
215,3
216,4
217,4
218,3
219,4
220,4
221,4
222,5
223,3
224,4
225,6
226,4
227,5
228,5
229,3
230,4
231,3
232,3
233,3
234,4
235,4
236,6
237,4
238,5
239,7
240,3
241,4
242,4
243,3
244,3
245,4
246,4
247,4
248,4
249,3
250,3
251,6
252,7
