,hamming_distance
0,209
1,117
2,204
3,173
4,159
5,171
6,165
7,148
8,139
9,128
10,172
11,179
12,172
13,169
14,219
15,159
16,174
17,186
18,202
19,136
20,149
21,152
22,120
23,184
24,121
25,136
26,161
27,169
28,124
29,169
30,167
31,169
32,140
33,132
34,133
35,111
36,130
37,105
38,154
39,161
40,160
41,217
42,202
43,161
44,105
45,144
46,125
47,230
48,138
49,226
50,126
51,180
52,158
53,206
54,137
55,157
56,163
57,169
58,139
59,154
60,141
61,158
62,160
63,147
64,128
65,202
66,143
67,206
68,125
69,135
70,149
71,137
72,134
73,147
74,187
75,122
76,232
77,125
78,166
79,217
80,109
81,173
82,162
83,149
84,161
85,178
86,164
87,186
88,181
89,118
90,130
91,131
92,132
93,146
94,172
95,166
96,184
97,158
98,161
99,181
100,159
101,137
102,179
103,133
104,144
105,127
106,170
107,158
108,151
109,185
110,175
111,167
112,129
113,165
114,165
115,134
116,171
117,138
118,217
119,254
120,159
121,150
122,154
123,166
124,184
125,139
126,155
127,157
128,118
129,117
130,172
131,230
132,143
133,137
134,105
135,155
136,181
137,164
138,168
139,144
140,184
141,167
142,217
143,141
144,185
145,171
146,244
147,137
148,226
149,144
150,140
151,168
152,130
153,130
154,181
155,195
156,157
157,194
158,177
159,151
160,185
161,154
162,132
163,219
164,146
165,176
166,137
167,124
168,129
169,154
170,134
171,212
172,147
173,113
174,154
175,175
176,90
177,174
178,164
179,159
180,201
181,149
182,153
183,129
184,164
185,172
186,223
187,180
188,165
189,171
190,221
191,140
192,175
193,171
194,209
195,142
196,147
197,140
198,143
199,197
200,171
201,169
202,163
203,143
204,126
205,218
206,162
207,164
208,170
209,145
210,156
211,171
212,144
213,184
214,173
215,156
216,180
217,155
218,131
219,160
220,163
221,168
222,164
223,135
224,165
225,234
226,186
227,111
228,192
229,141
230,142
231,125
232,114
233,160
234,88
235,150
236,179
237,194
238,159
239,191
240,121
241,124
242,144
243,143
244,168
245,172
246,191
247,187
248,204
249,127
250,148
251,167
252,190
253,153
254,172
255,153
256,103
257,120
258,147
259,195
260,109
261,150
262,172
263,145
264,193
265,194
266,143
267,170
268,155
269,190
270,142
271,144
272,155
273,145
274,179
275,191
276,180
277,138
278,143
279,161
280,125
281,139
282,160
283,119
284,128
285,132
286,171
287,114
288,128
289,144
290,203
291,224
292,118
293,142
294,143
295,156
296,180
297,137
298,143
299,178
300,151
301,157
302,112
303,123
304,170
305,148
306,143
307,150
308,140
309,176
310,193
311,165
312,227
313,165
314,140
315,130
316,140
317,156
318,146
319,172
320,189
321,169
322,222
323,149
324,145
325,171
326,152
327,156
328,165
329,147
330,157
331,220
332,161
333,180
334,130
335,143
336,155
337,176
338,150
339,130
340,158
341,196
342,118
343,111
344,172
345,149
346,119
347,179
348,157
349,180
350,166
351,138
352,221
353,207
354,177
355,129
356,175
357,140
358,171
359,153
360,141
361,111
362,178
363,145
364,135
365,192
366,193
367,169
368,113
369,144
370,135
371,176
372,191
373,182
374,166
375,141
376,225
377,145
378,118
379,170
380,124
381,137
382,123
383,114
384,138
385,166
386,220
387,145
388,158
389,177
390,154
391,190
392,167
393,126
394,142
395,166
396,166
397,168
398,130
399,177
400,124
401,149
402,91
403,169
404,209
405,214
406,163
407,183
408,177
409,165
410,131
411,128
412,128
413,175
414,138
415,151
416,153
417,127
418,182
419,140
420,243
421,121
422,150
423,171
424,152
425,136
426,225
427,160
428,212
429,159
430,170
431,148
432,192
433,145
434,141
435,161
436,146
437,117
438,153
439,193
440,160
441,150
442,121
443,124
444,143
445,177
446,176
447,209
448,112
449,144
450,144
451,155
452,139
453,157
454,128
455,160
456,165
457,139
458,158
459,175
460,160
461,133
462,153
463,237
464,182
465,161
466,139
467,205
468,134
469,157
470,140
471,146
472,184
473,228
474,150
475,133
476,129
477,143
478,145
479,170
480,140
481,151
482,180
483,157
484,163
485,126
486,147
487,152
488,159
489,161
490,134
491,180
492,164
493,131
494,167
495,168
496,157
497,99
498,187
499,150
500,202
501,159
502,134
503,180
504,182
505,132
506,177
507,157
508,135
509,227
510,103
511,168
512,139
513,119
514,142
515,124
516,157
517,154
518,175
519,154
520,177
521,193
522,145
523,191
524,194
525,136
526,155
527,170
528,179
529,138
530,112
531,138
532,160
533,170
534,128
535,137
536,148
537,134
538,198
539,220
540,134
541,168
542,138
543,150
544,170
545,117
546,218
547,166
548,164
549,150
550,241
551,127
552,151
553,140
554,155
555,173
556,162
557,145
558,185
559,206
560,135
561,129
562,155
563,183
564,198
565,169
566,132
567,120
568,176
569,173
570,170
571,145
572,132
573,161
574,199
575,104
576,142
577,142
578,138
579,154
580,191
581,149
582,160
583,116
584,148
585,148
586,105
587,139
588,177
589,167
590,145
591,158
592,122
593,161
594,173
595,100
596,210
597,171
598,178
599,161
600,172
601,167
602,167
603,163
604,0
605,181
606,158
607,131
608,132
609,120
610,152
611,128
612,182
613,145
614,202
615,205
616,138
617,197
618,182
619,162
620,202
621,163
622,156
623,163
624,170
625,155
626,151
627,162
628,139
629,120
630,160
631,136
632,167
633,183
634,205
635,193
636,198
637,178
638,168
639,139
640,198
641,176
642,149
643,146
644,154
645,132
646,170
647,173
648,139
649,233
650,164
651,174
652,130
653,158
654,124
655,124
656,135
657,168
658,172
659,146
660,191
661,191
662,204
663,163
664,183
665,226
666,144
667,99
668,150
669,159
670,161
671,136
672,177
673,228
674,142
675,137
676,164
677,152
678,171
679,137
680,166
681,160
682,160
683,185
684,162
685,145
686,198
687,150
688,191
689,164
690,143
691,142
692,140
693,175
694,185
695,173
696,99
697,159
698,155
699,152
700,122
701,174
702,145
703,193
704,133
705,130
706,157
707,181
708,167
709,219
710,149
711,178
712,146
713,96
714,220
715,178
716,166
717,140
718,183
719,140
720,222
721,129
722,163
723,125
724,185
725,160
726,135
727,164
728,106
729,137
730,155
731,167
732,154
733,146
734,124
735,140
736,131
737,140
738,184
739,150
740,136
741,185
742,122
743,247
744,152
745,166
746,143
747,169
748,163
749,179
