,hamming_distance
0,25
1,12
2,24
3,14
4,14
5,18
6,13
7,11
8,26
9,10
10,15
11,9
12,4
13,15
14,14
15,26
16,18
17,8
18,28
19,22
20,10
21,27
22,21
23,12
24,3
25,14
26,12
27,16
28,15
29,17
30,21
31,12
32,20
33,16
34,18
35,14
36,19
37,13
38,17
39,14
40,12
41,8
42,18
43,13
44,23
45,10
46,13
47,13
48,14
49,10
50,23
51,8
52,16
53,24
54,12
55,15
56,10
57,21
58,10
59,18
60,13
61,23
62,8
63,26
64,9
65,8
66,20
67,9
68,18
69,18
70,21
71,17
72,16
73,29
74,16
75,4
76,20
77,8
78,21
79,17
80,22
81,18
82,21
83,21
84,16
85,28
86,16
87,12
88,15
89,12
90,18
91,10
92,25
93,17
94,20
95,13
96,24
97,11
98,27
99,22
100,10
101,23
102,28
103,9
104,8
105,13
106,15
107,19
108,14
109,16
110,15
111,12
112,20
113,24
114,12
115,14
116,24
117,18
118,15
119,19
120,19
121,24
122,20
123,19
124,16
125,16
126,19
127,9
128,8
129,17
130,23
131,12
132,14
133,12
134,10
135,25
136,15
137,12
138,16
139,12
140,20
141,24
142,13
143,14
144,20
145,22
146,25
147,13
148,24
149,16
150,22
151,11
152,10
153,12
154,24
155,21
156,17
157,12
158,29
159,24
160,17
161,40
162,25
163,12
164,18
165,25
166,18
167,29
168,9
169,22
170,17
171,13
172,18
173,20
174,9
175,20
176,20
177,11
178,15
179,23
180,10
181,13
182,15
183,9
184,21
185,7
186,13
187,18
188,12
189,12
190,16
191,29
192,20
193,9
194,25
195,22
196,17
197,19
198,15
199,15
200,9
201,16
202,16
203,6
204,12
205,18
206,18
207,17
208,21
209,16
210,18
211,19
212,17
213,27
214,10
215,14
216,8
217,18
218,10
219,10
220,21
221,15
222,17
223,21
224,22
225,21
226,11
227,19
228,9
229,24
230,18
231,16
232,21
233,17
234,14
235,13
236,15
237,11
238,30
239,17
240,11
241,10
242,12
243,8
244,12
245,20
246,23
247,22
248,14
249,23
250,24
251,23
252,22
253,16
254,19
255,32
256,17
257,14
258,16
259,11
260,17
261,13
262,25
263,23
264,22
265,18
266,8
267,20
268,16
269,16
270,26
271,21
272,18
273,27
274,8
275,17
276,13
277,13
278,22
279,15
280,15
281,24
282,23
283,7
284,24
285,22
286,26
287,19
288,24
289,30
290,24
291,14
292,11
293,13
294,27
295,27
296,11
297,16
298,14
299,10
300,23
301,13
302,14
303,10
304,30
305,15
306,17
307,10
308,14
309,11
310,17
311,14
312,21
313,17
314,13
315,23
316,16
317,14
318,12
319,12
320,20
321,21
322,20
323,30
324,23
325,18
326,10
327,11
328,27
329,7
330,13
331,14
332,10
333,11
334,29
335,16
336,22
337,12
338,17
339,13
340,21
341,23
342,11
343,18
344,18
345,15
346,11
347,13
348,19
349,19
350,21
351,13
352,18
353,14
354,15
355,9
356,11
357,16
358,18
359,8
360,17
361,12
362,16
363,17
364,29
365,14
366,19
367,27
368,10
369,23
370,23
371,23
372,32
373,14
374,18
375,12
376,13
377,7
378,13
379,22
380,23
381,12
382,12
383,9
384,24
385,14
386,22
387,22
388,17
389,14
390,36
391,25
392,16
393,27
394,9
395,25
396,25
397,20
398,12
399,15
400,18
401,12
402,12
403,14
404,13
405,11
406,22
407,29
408,24
409,12
410,21
411,13
412,13
413,22
414,14
415,16
416,19
417,17
418,11
419,21
420,20
421,21
422,18
423,20
424,19
425,26
426,16
427,19
428,21
429,10
430,24
431,30
432,28
433,10
434,11
435,25
436,14
437,23
438,17
439,8
440,13
441,20
442,13
443,13
444,13
445,25
446,12
447,21
448,32
449,25
450,20
451,14
452,24
453,6
454,11
455,22
456,10
457,12
458,11
459,19
460,13
461,16
462,11
463,15
464,18
465,5
466,15
467,15
468,9
469,16
470,13
471,29
472,8
473,24
474,29
475,20
476,17
477,21
478,24
479,10
480,14
481,14
482,14
483,11
484,25
485,14
486,17
487,17
488,25
489,13
490,10
491,9
492,13
493,24
494,18
495,19
496,11
497,34
498,11
499,13
500,12
501,17
502,16
503,16
504,13
505,31
506,16
507,24
508,11
509,18
510,10
511,23
512,17
513,11
514,22
515,13
516,17
517,16
518,14
519,10
520,17
521,17
522,9
523,8
524,10
525,18
526,20
527,11
528,7
529,24
530,20
531,16
532,23
533,12
534,13
535,12
536,28
537,21
538,8
539,14
540,9
541,12
542,11
543,19
544,21
545,14
546,19
547,21
548,18
549,21
550,11
551,13
552,13
553,11
554,22
555,18
556,15
557,12
558,12
559,10
560,18
561,12
562,12
563,18
564,11
565,30
566,9
567,15
568,22
569,20
570,13
571,12
572,27
573,10
574,8
575,7
576,8
577,12
578,7
579,12
580,25
581,11
582,14
583,21
584,23
585,19
586,8
587,14
588,16
589,22
590,13
591,10
592,9
593,7
594,13
595,15
596,21
597,16
598,0
599,14
600,17
601,10
602,20
603,15
604,14
605,24
606,28
607,19
608,12
609,21
610,28
611,10
612,11
613,20
614,20
615,13
616,13
617,18
618,24
619,5
620,25
621,29
622,25
623,33
624,22
625,14
626,16
627,26
628,13
629,16
630,21
631,27
632,21
633,13
634,8
635,11
636,35
637,31
638,12
639,24
640,31
641,8
642,21
643,12
644,19
645,7
646,13
647,19
648,13
649,13
650,24
651,10
652,9
653,25
654,16
655,10
656,20
657,23
658,10
659,24
660,26
661,17
662,23
663,19
664,25
665,16
666,11
667,17
668,10
669,16
670,19
671,25
672,12
673,13
674,21
675,16
676,15
677,26
678,23
679,13
680,16
681,10
682,11
683,18
684,33
685,19
686,12
687,17
688,14
689,22
690,12
691,17
692,14
693,39
694,30
695,21
696,22
697,13
698,13
699,24
700,16
701,5
702,13
703,19
704,6
705,17
706,20
707,28
708,11
709,9
710,18
711,19
712,15
713,15
714,14
715,8
716,19
717,13
718,17
719,7
720,24
721,18
722,13
723,12
724,14
725,25
726,13
727,21
728,18
729,22
730,9
731,14
732,24
733,17
734,17
735,13
736,23
737,17
738,23
739,19
740,20
741,30
742,8
743,18
744,16
745,11
746,28
747,16
748,13
749,22
