,hamming_distance
0,15
1,2
2,2
3,14
4,7
5,6
6,1
7,1
8,2
9,3
10,3
11,11
12,8
13,1
14,1
15,4
16,0
17,2
18,3
19,5
20,4
21,6
22,3
23,4
24,4
25,13
26,3
27,15
28,5
29,6
30,8
31,5
32,4
33,2
34,5
35,2
36,10
37,3
38,9
39,4
40,8
41,15
42,4
43,7
44,5
45,10
46,6
47,14
48,4
49,4
50,5
51,4
52,4
53,14
54,2
55,7
56,5
57,5
58,5
59,7
60,4
61,1
62,3
63,9
64,3
65,4
66,7
67,2
68,5
69,20
70,2
71,6
72,7
73,1
74,14
75,14
76,3
77,6
78,2
79,6
80,6
81,4
82,5
83,2
84,3
85,2
86,3
87,4
88,2
89,12
90,2
91,5
92,5
93,3
94,1
95,2
96,8
97,4
98,7
99,2
100,5
101,6
102,7
103,1
104,10
105,3
106,5
107,4
108,6
109,4
110,2
111,0
112,6
113,3
114,12
115,13
116,5
117,2
118,3
119,5
120,5
121,6
122,5
123,4
124,1
125,5
126,6
127,5
128,2
129,3
130,3
131,3
132,2
133,6
134,4
135,6
136,1
137,7
138,8
139,6
140,6
141,2
142,9
143,5
144,5
145,5
146,3
147,9
148,2
149,6
150,1
151,2
152,6
153,5
154,9
155,2
156,4
157,22
158,5
159,2
160,2
161,2
162,8
163,5
164,4
165,15
166,6
167,2
168,7
169,6
170,1
171,9
172,2
173,7
174,9
175,2
176,11
177,5
178,5
179,12
180,4
181,1
182,7
183,6
184,8
185,5
186,5
187,2
188,1
189,3
190,13
191,2
192,1
193,6
194,7
195,2
196,3
197,2
198,7
199,6
200,2
201,2
202,3
203,10
204,2
205,2
206,6
207,2
208,20
209,4
210,2
211,2
212,6
213,5
214,3
215,11
216,5
217,6
218,3
219,1
220,3
221,3
222,6
223,7
224,13
225,2
226,4
227,8
228,4
229,7
230,1
231,2
232,3
233,4
234,9
235,6
236,1
237,2
238,4
239,3
240,4
241,6
242,2
243,2
244,1
245,6
246,10
247,2
248,6
249,6
250,1
251,1
252,4
253,3
254,5
255,3
256,2
257,6
258,13
259,14
260,1
261,18
262,1
263,1
264,11
265,6
266,6
267,1
268,3
269,2
270,4
271,4
272,2
273,1
274,2
275,5
276,5
277,5
278,2
279,5
280,6
281,4
282,3
283,4
284,6
285,1
286,6
287,8
288,22
289,0
290,1
291,6
292,4
293,5
294,3
295,2
296,8
297,4
298,13
299,4
300,4
301,2
302,7
303,7
304,7
305,9
306,7
307,3
308,2
309,9
310,4
311,7
312,4
313,3
314,6
315,3
316,1
317,3
318,3
319,1
320,3
321,2
322,5
323,2
324,8
325,8
326,3
327,4
328,12
329,3
330,13
331,6
332,7
333,3
334,4
335,6
336,18
337,3
338,4
339,3
340,4
341,13
342,2
343,2
344,12
345,3
346,2
347,3
348,2
349,4
350,4
351,2
352,1
353,0
354,3
355,10
356,4
357,4
358,4
359,1
360,2
361,16
362,3
363,11
364,5
365,3
366,3
367,2
368,3
369,2
370,5
371,6
372,5
373,4
374,3
375,5
376,7
377,4
378,5
379,4
380,3
381,12
382,6
383,18
384,3
385,4
386,2
387,5
388,8
389,21
390,1
391,5
392,2
393,17
394,2
395,2
396,3
397,5
398,3
399,3
400,6
401,2
402,6
403,5
404,4
405,2
406,5
407,1
408,6
409,6
410,12
411,3
412,5
413,3
414,6
415,7
416,4
417,9
418,3
419,10
420,3
421,4
422,4
423,4
424,2
425,6
426,3
427,1
428,2
429,8
430,6
431,2
432,1
433,2
434,1
435,1
436,3
437,2
438,7
439,6
440,6
441,15
442,1
443,7
444,4
445,4
446,5
447,2
448,4
449,2
450,4
451,1
452,3
453,3
454,6
455,18
456,2
457,7
458,15
459,3
460,2
461,3
462,3
463,13
464,1
465,19
466,1
467,11
468,5
469,15
470,1
471,6
472,4
473,2
474,12
475,6
476,6
477,1
478,1
479,7
480,1
481,5
482,5
483,9
484,3
485,5
486,12
487,4
488,10
489,1
490,6
491,7
492,2
493,2
494,8
495,10
496,5
497,3
498,2
499,4
500,2
501,19
502,9
503,3
504,4
505,0
506,2
507,5
508,1
509,1
510,4
511,3
512,4
513,24
514,22
515,6
516,5
517,13
518,3
519,4
520,5
521,3
522,3
523,8
524,8
525,5
526,9
527,2
528,9
529,3
530,5
531,2
532,7
533,7
534,1
535,2
536,3
537,2
538,7
539,14
540,3
541,4
542,1
543,15
544,3
545,1
546,7
547,7
548,3
549,1
550,5
551,6
552,3
553,0
554,5
555,6
556,4
557,2
558,3
559,4
560,2
561,25
562,1
563,2
564,2
565,4
566,2
567,4
568,15
569,17
570,3
571,8
572,3
573,8
574,4
575,1
576,13
577,5
578,3
579,3
580,7
581,3
582,3
583,9
584,1
585,6
586,18
587,17
588,3
589,2
590,19
591,8
592,11
593,7
594,1
595,6
596,3
597,4
598,2
599,3
600,10
601,14
602,10
603,4
604,5
605,14
606,15
607,12
608,2
609,5
610,7
611,12
612,6
613,1
614,9
615,1
616,4
617,5
618,6
619,2
620,9
621,3
622,3
623,2
624,3
625,3
626,8
627,1
628,1
629,4
630,24
631,4
632,2
633,2
634,7
635,1
636,2
637,2
638,3
639,2
640,3
641,3
642,2
643,7
644,3
645,2
646,2
647,6
648,28
649,6
650,5
651,1
652,1
653,1
654,4
655,2
656,1
657,4
658,5
659,6
660,2
661,3
662,4
663,3
664,7
665,4
666,6
667,4
668,2
669,5
670,2
671,3
672,5
673,5
674,1
675,8
676,3
677,2
678,12
679,4
680,9
681,6
682,3
683,2
684,3
685,2
686,6
687,16
688,3
689,5
690,4
691,15
692,1
693,2
694,4
695,7
696,3
697,4
698,1
699,3
700,2
701,1
702,5
703,13
704,5
705,7
706,4
707,5
708,4
709,7
710,3
711,2
712,1
713,2
714,4
715,8
716,6
717,3
718,3
719,8
720,5
721,2
722,8
723,6
724,4
725,2
726,5
727,1
728,1
729,4
730,5
731,10
732,10
733,3
734,4
735,10
736,10
737,4
738,4
739,5
740,4
741,7
742,5
743,6
744,3
745,1
746,6
747,1
748,4
749,3
