,hamming_distance
0,23
1,13
2,12
3,11
4,25
5,13
6,11
7,15
8,21
9,17
10,19
11,27
12,15
13,21
14,17
15,24
16,18
17,11
18,19
19,15
20,18
21,16
22,17
23,24
24,12
25,12
26,17
27,13
28,20
29,21
30,8
31,12
32,30
33,27
34,7
35,13
36,14
37,9
38,14
39,11
40,20
41,11
42,23
43,15
44,21
45,18
46,14
47,10
48,23
49,28
50,12
51,16
52,16
53,18
54,17
55,17
56,17
57,10
58,18
59,23
60,9
61,10
62,10
63,19
64,18
65,9
66,13
67,25
68,28
69,29
70,26
71,12
72,11
73,12
74,13
75,11
76,15
77,23
78,29
79,21
80,25
81,13
82,19
83,10
84,20
85,13
86,13
87,9
88,7
89,22
90,13
91,24
92,7
93,29
94,27
95,12
96,10
97,9
98,9
99,19
100,20
101,19
102,13
103,12
104,29
105,13
106,28
107,12
108,18
109,13
110,20
111,9
112,12
113,25
114,18
115,11
116,21
117,22
118,20
119,16
120,18
121,11
122,16
123,13
124,27
125,25
126,12
127,12
128,7
129,14
130,17
131,10
132,8
133,10
134,15
135,20
136,12
137,30
138,17
139,12
140,11
141,11
142,26
143,16
144,7
145,19
146,16
147,14
148,17
149,16
150,15
151,24
152,21
153,19
154,13
155,13
156,22
157,21
158,13
159,26
160,24
161,22
162,22
163,14
164,14
165,18
166,17
167,13
168,21
169,27
170,9
171,9
172,18
173,20
174,14
175,8
176,11
177,25
178,11
179,19
180,23
181,11
182,13
183,15
184,31
185,29
186,17
187,25
188,18
189,18
190,17
191,13
192,23
193,25
194,15
195,14
196,21
197,15
198,16
199,19
200,17
201,10
202,21
203,12
204,12
205,12
206,16
207,25
208,10
209,17
210,30
211,13
212,17
213,17
214,33
215,10
216,9
217,29
218,17
219,5
220,24
221,13
222,12
223,16
224,13
225,10
226,23
227,17
228,39
229,20
230,8
231,22
232,13
233,13
234,13
235,12
236,16
237,10
238,20
239,13
240,11
241,20
242,27
243,30
244,11
245,9
246,25
247,18
248,12
249,20
250,21
251,17
252,24
253,10
254,21
255,21
256,18
257,11
258,8
259,30
260,0
261,16
262,22
263,6
264,13
265,13
266,13
267,10
268,23
269,16
270,16
271,10
272,8
273,10
274,14
275,15
276,17
277,22
278,12
279,22
280,21
281,14
282,16
283,7
284,10
285,21
286,13
287,11
288,21
289,8
290,16
291,20
292,16
293,13
294,20
295,21
296,16
297,25
298,17
299,21
300,21
301,10
302,20
303,18
304,16
305,13
306,19
307,13
308,16
309,13
310,18
311,16
312,17
313,14
314,10
315,18
316,24
317,18
318,15
319,35
320,20
321,14
322,15
323,16
324,13
325,14
326,16
327,20
328,17
329,21
330,30
331,15
332,13
333,17
334,9
335,11
336,14
337,21
338,24
339,8
340,13
341,20
342,36
343,9
344,24
345,25
346,13
347,14
348,13
349,12
350,17
351,10
352,21
353,10
354,34
355,8
356,23
357,20
358,11
359,18
360,12
361,24
362,13
363,14
364,10
365,12
366,24
367,18
368,12
369,25
370,24
371,22
372,15
373,22
374,22
375,17
376,24
377,13
378,14
379,17
380,24
381,21
382,4
383,13
384,26
385,30
386,16
387,28
388,29
389,23
390,13
391,8
392,13
393,15
394,12
395,13
396,16
397,20
398,25
399,18
400,17
401,24
402,16
403,14
404,14
405,18
406,16
407,11
408,14
409,21
410,28
411,9
412,11
413,23
414,11
415,11
416,24
417,16
418,14
419,19
420,26
421,22
422,16
423,10
424,18
425,19
426,13
427,18
428,25
429,22
430,18
431,17
432,8
433,10
434,12
435,27
436,24
437,8
438,19
439,25
440,12
441,11
442,12
443,8
444,17
445,11
446,17
447,14
448,16
449,29
450,22
451,26
452,15
453,8
454,21
455,9
456,22
457,16
458,14
459,11
460,13
461,25
462,10
463,9
464,12
465,11
466,28
467,24
468,14
469,31
470,12
471,22
472,15
473,16
474,20
475,8
476,14
477,23
478,12
479,22
480,11
481,16
482,16
483,16
484,14
485,4
486,13
487,15
488,24
489,25
490,13
491,21
492,10
493,12
494,29
495,19
496,14
497,8
498,12
499,19
500,10
501,12
502,16
503,15
504,23
505,19
506,23
507,23
508,19
509,24
510,23
511,19
512,7
513,10
514,8
515,24
516,8
517,13
518,17
519,15
520,22
521,13
522,11
523,12
524,18
525,10
526,18
527,16
528,22
529,18
530,23
531,7
532,12
533,10
534,14
535,10
536,14
537,21
538,11
539,22
540,16
541,12
542,9
543,5
544,33
545,21
546,12
547,17
548,19
549,18
550,19
551,26
552,21
553,24
554,14
555,18
556,20
557,27
558,26
559,16
560,17
561,17
562,6
563,11
564,24
565,20
566,8
567,32
568,9
569,18
570,18
571,18
572,19
573,28
574,18
575,12
576,22
577,17
578,13
579,7
580,40
581,14
582,15
583,28
584,13
585,20
586,10
587,24
588,17
589,18
590,13
591,13
592,28
593,10
594,12
595,27
596,17
597,14
598,10
599,12
600,14
601,8
602,5
603,21
604,18
605,15
606,3
607,22
608,13
609,14
610,14
611,25
612,14
613,9
614,10
615,32
616,12
617,21
618,19
619,12
620,14
621,20
622,19
623,21
624,24
625,15
626,23
627,23
628,23
629,14
630,19
631,31
632,14
633,12
634,26
635,21
636,14
637,29
638,13
639,11
640,18
641,12
642,12
643,7
644,25
645,20
646,24
647,6
648,23
649,16
650,12
651,20
652,30
653,23
654,13
655,13
656,22
657,23
658,16
659,13
660,9
661,15
662,18
663,12
664,24
665,10
666,12
667,23
668,19
669,22
670,11
671,20
672,17
673,8
674,14
675,11
676,15
677,24
678,11
679,14
680,25
681,17
682,11
683,19
684,24
685,16
686,15
687,24
688,23
689,32
690,19
691,19
692,20
693,15
694,16
695,21
696,15
697,23
698,20
699,25
700,27
701,19
702,11
703,23
704,27
705,14
706,21
707,13
708,16
709,24
710,17
711,10
712,15
713,12
714,14
715,11
716,14
717,18
718,19
719,18
720,16
721,16
722,8
723,22
724,14
725,13
726,9
727,22
728,14
729,18
730,8
731,17
732,9
733,15
734,21
735,10
736,12
737,17
738,8
739,19
740,22
741,16
742,21
743,24
744,17
745,20
746,18
747,25
748,9
749,22
