,hamming_distance
0,6
1,8
2,7
3,3
4,4
5,10
6,1
7,3
8,4
9,22
10,4
11,11
12,6
13,13
14,14
15,1
16,3
17,5
18,3
19,5
20,3
21,1
22,4
23,3
24,3
25,12
26,1
27,24
28,4
29,3
30,6
31,14
32,3
33,5
34,3
35,5
36,1
37,2
38,5
39,5
40,3
41,2
42,13
43,6
44,1
45,5
46,3
47,2
48,0
49,4
50,2
51,12
52,14
53,8
54,8
55,6
56,6
57,3
58,8
59,1
60,3
61,0
62,2
63,19
64,1
65,6
66,2
67,15
68,9
69,1
70,3
71,3
72,14
73,1
74,3
75,13
76,14
77,2
78,1
79,9
80,4
81,6
82,4
83,8
84,5
85,3
86,8
87,7
88,3
89,10
90,7
91,2
92,8
93,3
94,6
95,2
96,1
97,17
98,1
99,1
100,6
101,8
102,4
103,2
104,18
105,3
106,2
107,5
108,2
109,2
110,4
111,5
112,6
113,4
114,1
115,1
116,1
117,7
118,10
119,3
120,5
121,2
122,4
123,2
124,4
125,2
126,5
127,4
128,3
129,3
130,5
131,2
132,5
133,3
134,4
135,2
136,5
137,3
138,13
139,1
140,3
141,5
142,5
143,11
144,13
145,18
146,3
147,2
148,2
149,6
150,4
151,9
152,8
153,2
154,2
155,5
156,6
157,0
158,1
159,1
160,2
161,4
162,3
163,5
164,13
165,6
166,5
167,4
168,3
169,1
170,1
171,15
172,6
173,13
174,5
175,13
176,17
177,10
178,5
179,5
180,10
181,4
182,2
183,5
184,4
185,6
186,6
187,4
188,3
189,4
190,18
191,4
192,4
193,1
194,3
195,1
196,5
197,1
198,1
199,5
200,15
201,2
202,3
203,2
204,7
205,2
206,6
207,8
208,4
209,4
210,7
211,1
212,3
213,1
214,7
215,4
216,6
217,3
218,5
219,7
220,1
221,2
222,1
223,7
224,1
225,10
226,6
227,5
228,2
229,6
230,2
231,2
232,6
233,3
234,6
235,4
236,2
237,3
238,3
239,8
240,3
241,2
242,6
243,6
244,5
245,2
246,2
247,10
248,12
249,2
250,1
251,3
252,3
253,3
254,8
255,3
256,2
257,3
258,2
259,8
260,4
261,2
262,7
263,3
264,8
265,5
266,3
267,1
268,5
269,3
270,2
271,7
272,7
273,7
274,4
275,4
276,3
277,3
278,4
279,1
280,3
281,1
282,18
283,5
284,4
285,1
286,2
287,2
288,4
289,4
290,6
291,4
292,5
293,1
294,4
295,6
296,7
297,1
298,12
299,6
300,3
301,7
302,2
303,2
304,4
305,7
306,12
307,4
308,10
309,1
310,2
311,6
312,9
313,9
314,5
315,3
316,4
317,1
318,10
319,2
320,6
321,1
322,4
323,1
324,2
325,1
326,2
327,7
328,4
329,3
330,2
331,7
332,3
333,3
334,1
335,4
336,7
337,3
338,5
339,22
340,2
341,4
342,4
343,14
344,4
345,2
346,3
347,5
348,2
349,3
350,6
351,4
352,5
353,6
354,7
355,2
356,12
357,9
358,6
359,3
360,7
361,2
362,2
363,6
364,20
365,10
366,19
367,11
368,2
369,2
370,6
371,6
372,6
373,4
374,7
375,2
376,3
377,1
378,1
379,2
380,3
381,2
382,2
383,4
384,8
385,13
386,2
387,5
388,5
389,1
390,4
391,5
392,4
393,6
394,4
395,6
396,12
397,3
398,2
399,5
400,6
401,11
402,12
403,4
404,7
405,4
406,8
407,5
408,3
409,1
410,1
411,4
412,4
413,7
414,6
415,15
416,9
417,8
418,2
419,4
420,3
421,1
422,2
423,6
424,5
425,7
426,6
427,6
428,12
429,1
430,4
431,5
432,20
433,3
434,3
435,8
436,7
437,5
438,2
439,21
440,2
441,5
442,3
443,9
444,5
445,2
446,6
447,4
448,5
449,8
450,4
451,4
452,4
453,3
454,2
455,4
456,2
457,3
458,5
459,4
460,2
461,11
462,5
463,16
464,1
465,2
466,9
467,5
468,2
469,2
470,2
471,2
472,6
473,6
474,7
475,6
476,18
477,2
478,1
479,6
480,5
481,22
482,5
483,1
484,2
485,3
486,10
487,17
488,4
489,4
490,4
491,5
492,12
493,3
494,3
495,2
496,2
497,4
498,3
499,4
500,3
501,1
502,3
503,7
504,7
505,2
506,4
507,2
508,4
509,7
510,4
511,8
512,3
513,5
514,5
515,3
516,1
517,2
518,2
519,6
520,1
521,25
522,4
523,1
524,6
525,5
526,6
527,1
528,2
529,9
530,3
531,7
532,4
533,7
534,7
535,5
536,3
537,2
538,1
539,2
540,5
541,2
542,8
543,5
544,2
545,3
546,4
547,5
548,2
549,6
550,4
551,4
552,3
553,2
554,4
555,6
556,6
557,6
558,5
559,3
560,4
561,4
562,8
563,3
564,6
565,3
566,5
567,14
568,4
569,3
570,3
571,3
572,1
573,7
574,0
575,3
576,9
577,6
578,1
579,4
580,12
581,3
582,4
583,3
584,6
585,14
586,7
587,5
588,1
589,3
590,4
591,6
592,1
593,5
594,3
595,3
596,3
597,13
598,4
599,9
600,6
601,5
602,3
603,15
604,9
605,5
606,4
607,7
608,5
609,2
610,19
611,6
612,15
613,3
614,4
615,8
616,2
617,10
618,0
619,5
620,7
621,3
622,6
623,4
624,3
625,2
626,6
627,0
628,15
629,2
630,3
631,3
632,9
633,4
634,3
635,2
636,2
637,3
638,2
639,11
640,7
641,1
642,4
643,4
644,2
645,5
646,2
647,1
648,15
649,5
650,2
651,28
652,1
653,14
654,6
655,6
656,1
657,7
658,9
659,2
660,6
661,7
662,2
663,5
664,2
665,11
666,8
667,1
668,2
669,6
670,7
671,3
672,2
673,2
674,2
675,13
676,6
677,2
678,4
679,3
680,12
681,10
682,6
683,2
684,2
685,5
686,8
687,4
688,3
689,2
690,2
691,2
692,6
693,6
694,2
695,5
696,6
697,5
698,2
699,3
700,6
701,1
702,3
703,3
704,4
705,2
706,5
707,24
708,4
709,4
710,3
711,7
712,5
713,3
714,1
715,6
716,2
717,16
718,7
719,5
720,10
721,2
722,1
723,9
724,9
725,9
726,15
727,10
728,5
729,7
730,3
731,9
732,15
733,5
734,2
735,15
736,1
737,3
738,3
739,4
740,6
741,3
742,5
743,4
744,13
745,1
746,5
747,1
748,2
749,4
