,hamming_distance
0,161
1,142
2,137
3,156
4,105
5,161
6,153
7,118
8,191
9,154
10,161
11,182
12,131
13,179
14,209
15,161
16,207
17,192
18,183
19,160
20,243
21,119
22,183
23,138
24,117
25,161
26,157
27,128
28,137
29,133
30,164
31,170
32,162
33,136
34,171
35,159
36,112
37,168
38,138
39,194
40,227
41,170
42,155
43,111
44,147
45,135
46,134
47,150
48,186
49,174
50,137
51,151
52,222
53,219
54,183
55,187
56,166
57,130
58,147
59,140
60,144
61,152
62,159
63,159
64,136
65,190
66,164
67,118
68,130
69,140
70,209
71,179
72,132
73,165
74,164
75,141
76,164
77,117
78,130
79,131
80,166
81,124
82,144
83,139
84,130
85,169
86,169
87,180
88,153
89,160
90,154
91,132
92,184
93,166
94,152
95,172
96,202
97,206
98,175
99,121
100,232
101,144
102,155
103,194
104,164
105,142
106,169
107,169
108,156
109,170
110,140
111,158
112,173
113,175
114,131
115,140
116,105
117,171
118,159
119,126
120,172
121,140
122,135
123,120
124,126
125,99
126,150
127,130
128,227
129,172
130,193
131,116
132,193
133,163
134,180
135,128
136,143
137,225
138,193
139,172
140,230
141,198
142,166
143,134
144,139
145,128
146,212
147,180
148,136
149,237
150,166
151,170
152,178
153,161
154,168
155,120
156,184
157,197
158,182
159,145
160,218
161,191
162,120
163,143
164,226
165,91
166,155
167,195
168,178
169,192
170,154
171,140
172,162
173,176
174,124
175,172
176,178
177,121
178,132
179,130
180,165
181,170
182,144
183,153
184,155
185,157
186,230
187,180
188,177
189,143
190,150
191,146
192,171
193,144
194,143
195,190
196,123
197,148
198,132
199,148
200,143
201,176
202,143
203,177
204,146
205,167
206,138
207,163
208,173
209,172
210,205
211,167
212,170
213,160
214,163
215,163
216,171
217,159
218,172
219,150
220,0
221,137
222,113
223,168
224,118
225,158
226,161
227,133
228,170
229,189
230,178
231,171
232,173
233,160
234,128
235,171
236,145
237,142
238,100
239,104
240,145
241,141
242,143
243,178
244,177
245,205
246,181
247,219
248,157
249,171
250,129
251,147
252,150
253,206
254,133
255,120
256,157
257,105
258,138
259,204
260,153
261,191
262,183
263,157
264,141
265,173
266,146
267,145
268,165
269,153
270,224
271,129
272,155
273,193
274,167
275,154
276,220
277,157
278,167
279,125
280,171
281,169
282,241
283,139
284,138
285,146
286,139
287,154
288,136
289,214
290,163
291,182
292,167
293,206
294,162
295,184
296,152
297,154
298,220
299,163
300,204
301,129
302,191
303,164
304,145
305,174
306,160
307,177
308,158
309,139
310,122
311,139
312,135
313,119
314,157
315,180
316,90
317,164
318,137
319,155
320,154
321,124
322,160
323,122
324,144
325,234
326,145
327,220
328,176
329,160
330,109
331,173
332,177
333,169
334,121
335,217
336,191
337,124
338,142
339,181
340,202
341,158
342,145
343,148
344,218
345,118
346,193
347,155
348,185
349,150
350,103
351,140
352,136
353,177
354,124
355,190
356,254
357,167
358,164
359,162
360,145
361,170
362,205
363,173
364,158
365,133
366,179
367,119
368,182
369,141
370,163
371,153
372,134
373,164
374,219
375,140
376,130
377,161
378,134
379,182
380,163
381,144
382,144
383,142
384,159
385,117
386,138
387,143
388,142
389,209
390,181
391,139
392,128
393,144
394,225
395,157
396,129
397,145
398,166
399,158
400,117
401,127
402,96
403,143
404,114
405,198
406,150
407,158
408,150
409,184
410,165
411,140
412,141
413,166
414,155
415,147
416,172
417,195
418,166
419,158
420,146
421,150
422,145
423,147
424,167
425,131
426,161
427,136
428,187
429,162
430,169
431,159
432,197
433,198
434,152
435,135
436,134
437,167
438,114
439,157
440,111
441,168
442,182
443,159
444,212
445,134
446,172
447,151
448,157
449,223
450,156
451,170
452,125
453,191
454,126
455,140
456,147
457,144
458,141
459,138
460,112
461,160
462,159
463,137
464,150
465,181
466,148
467,177
468,217
469,138
470,180
471,153
472,160
473,121
474,155
475,185
476,135
477,160
478,145
479,103
480,158
481,163
482,129
483,172
484,118
485,151
486,137
487,142
488,149
489,154
490,161
491,166
492,160
493,166
494,184
495,185
496,143
497,164
498,165
499,167
500,132
501,139
502,198
503,130
504,129
505,149
506,149
507,179
508,140
509,154
510,150
511,111
512,173
513,179
514,151
515,194
516,149
517,170
518,154
519,140
520,124
521,149
522,128
523,150
524,125
525,111
526,140
527,145
528,169
529,128
530,185
531,143
532,169
533,168
534,186
535,122
536,161
537,187
538,139
539,126
540,149
541,185
542,202
543,165
544,177
545,113
546,209
547,244
548,169
549,177
550,158
551,180
552,180
553,150
554,176
555,220
556,193
557,156
558,222
559,148
560,161
561,226
562,202
563,148
564,143
565,191
566,165
567,147
568,140
569,186
570,165
571,180
572,125
573,203
574,160
575,178
576,132
577,166
578,161
579,146
580,125
581,143
582,180
583,128
584,99
585,142
586,120
587,156
588,109
589,124
590,149
591,138
592,168
593,170
594,191
595,130
596,132
597,123
598,137
599,170
600,171
601,160
602,124
603,171
604,171
605,134
606,151
607,196
608,157
609,217
610,136
611,168
612,159
613,160
614,155
615,127
616,168
617,204
618,175
619,175
620,124
621,127
622,155
623,183
624,169
625,157
626,152
627,176
628,156
629,125
630,167
631,184
632,151
633,152
634,163
635,210
636,168
637,137
638,247
639,165
640,124
641,144
642,202
643,228
644,201
645,149
646,145
647,159
648,193
649,181
650,106
651,140
652,145
653,139
654,112
655,217
656,142
657,171
658,105
659,175
660,185
661,139
662,163
663,114
664,140
665,135
666,157
667,170
668,145
669,133
670,181
671,140
672,142
673,165
674,185
675,162
676,137
677,221
678,138
679,135
680,88
681,221
682,172
683,176
684,152
685,122
686,161
687,132
688,172
689,149
690,154
691,164
692,132
693,155
694,128
695,185
696,143
697,129
698,173
699,134
700,137
701,177
702,179
703,160
704,233
705,167
706,199
707,127
708,145
709,192
710,152
711,139
712,130
713,149
714,99
715,146
716,179
717,176
718,171
719,174
720,151
721,226
722,175
723,146
724,164
725,137
726,191
727,175
728,178
729,184
730,150
731,148
732,228
733,174
734,175
735,167
736,155
737,131
738,154
739,131
740,144
741,168
742,135
743,198
744,138
745,194
746,166
747,202
748,146
749,143
