,hamming_distance
0,9
1,14
2,19
3,29
4,27
5,32
6,16
7,25
8,21
9,19
10,24
11,9
12,24
13,16
14,26
15,22
16,17
17,16
18,10
19,15
20,19
21,9
22,12
23,20
24,16
25,24
26,17
27,12
28,7
29,11
30,29
31,13
32,23
33,14
34,17
35,23
36,11
37,24
38,15
39,17
40,15
41,12
42,19
43,18
44,23
45,19
46,16
47,9
48,11
49,16
50,13
51,17
52,24
53,9
54,12
55,8
56,18
57,18
58,13
59,17
60,12
61,18
62,12
63,16
64,27
65,21
66,8
67,14
68,14
69,18
70,22
71,11
72,10
73,8
74,11
75,32
76,8
77,21
78,12
79,18
80,16
81,23
82,12
83,20
84,14
85,15
86,16
87,14
88,13
89,22
90,25
91,31
92,10
93,39
94,23
95,19
96,4
97,11
98,29
99,20
100,13
101,23
102,14
103,11
104,12
105,18
106,28
107,20
108,17
109,24
110,11
111,17
112,17
113,21
114,22
115,18
116,13
117,13
118,21
119,22
120,10
121,13
122,23
123,12
124,18
125,8
126,31
127,7
128,28
129,13
130,21
131,19
132,13
133,12
134,10
135,7
136,18
137,21
138,6
139,21
140,16
141,20
142,25
143,15
144,13
145,13
146,15
147,11
148,13
149,18
150,13
151,19
152,23
153,12
154,19
155,14
156,17
157,9
158,19
159,20
160,12
161,18
162,16
163,10
164,25
165,22
166,22
167,15
168,22
169,21
170,14
171,12
172,25
173,21
174,12
175,18
176,17
177,17
178,23
179,25
180,13
181,24
182,20
183,10
184,17
185,17
186,10
187,25
188,18
189,17
190,15
191,22
192,27
193,18
194,18
195,16
196,18
197,17
198,26
199,21
200,24
201,17
202,18
203,20
204,14
205,16
206,7
207,21
208,26
209,15
210,18
211,17
212,19
213,13
214,12
215,17
216,13
217,11
218,11
219,9
220,20
221,19
222,23
223,14
224,8
225,16
226,24
227,16
228,29
229,16
230,14
231,14
232,17
233,21
234,24
235,22
236,18
237,13
238,10
239,13
240,19
241,27
242,17
243,21
244,11
245,16
246,9
247,10
248,9
249,17
250,10
251,25
252,23
253,19
254,14
255,12
256,16
257,25
258,26
259,27
260,29
261,16
262,16
263,13
264,16
265,14
266,12
267,13
268,14
269,22
270,20
271,16
272,9
273,15
274,9
275,11
276,9
277,12
278,13
279,5
280,10
281,16
282,21
283,17
284,26
285,13
286,25
287,10
288,22
289,21
290,14
291,11
292,12
293,12
294,22
295,18
296,9
297,8
298,12
299,16
300,9
301,18
302,19
303,31
304,18
305,12
306,23
307,22
308,13
309,8
310,25
311,8
312,30
313,25
314,21
315,27
316,13
317,40
318,17
319,21
320,24
321,11
322,11
323,30
324,21
325,28
326,28
327,17
328,16
329,13
330,15
331,24
332,10
333,25
334,13
335,20
336,19
337,11
338,21
339,18
340,8
341,17
342,20
343,9
344,24
345,25
346,17
347,10
348,13
349,23
350,14
351,14
352,6
353,22
354,13
355,10
356,16
357,17
358,14
359,14
360,24
361,23
362,15
363,10
364,13
365,23
366,12
367,11
368,8
369,10
370,16
371,13
372,16
373,22
374,16
375,24
376,12
377,15
378,22
379,28
380,23
381,10
382,18
383,23
384,11
385,22
386,16
387,24
388,10
389,21
390,18
391,16
392,13
393,14
394,14
395,17
396,21
397,13
398,21
399,10
400,17
401,16
402,25
403,15
404,25
405,22
406,16
407,25
408,12
409,23
410,15
411,30
412,13
413,23
414,21
415,27
416,23
417,19
418,17
419,12
420,12
421,11
422,13
423,24
424,21
425,21
426,8
427,13
428,17
429,16
430,10
431,15
432,23
433,18
434,11
435,12
436,5
437,20
438,17
439,22
440,12
441,24
442,24
443,14
444,12
445,19
446,9
447,10
448,14
449,10
450,21
451,13
452,15
453,10
454,12
455,19
456,12
457,8
458,11
459,9
460,11
461,13
462,13
463,20
464,18
465,7
466,16
467,21
468,12
469,17
470,9
471,17
472,11
473,20
474,14
475,23
476,19
477,12
478,12
479,14
480,11
481,7
482,14
483,30
484,15
485,24
486,12
487,8
488,18
489,29
490,15
491,16
492,17
493,21
494,14
495,24
496,10
497,13
498,12
499,20
500,22
501,12
502,13
503,16
504,14
505,27
506,22
507,25
508,21
509,14
510,27
511,19
512,24
513,13
514,13
515,12
516,9
517,14
518,25
519,24
520,18
521,23
522,18
523,13
524,20
525,21
526,33
527,19
528,18
529,17
530,13
531,8
532,15
533,14
534,18
535,24
536,22
537,24
538,12
539,14
540,19
541,9
542,6
543,10
544,29
545,25
546,14
547,23
548,10
549,26
550,11
551,9
552,21
553,8
554,10
555,15
556,32
557,17
558,11
559,10
560,14
561,12
562,16
563,23
564,8
565,18
566,18
567,21
568,19
569,26
570,18
571,16
572,10
573,19
574,18
575,19
576,24
577,16
578,11
579,10
580,14
581,11
582,15
583,17
584,12
585,19
586,13
587,15
588,22
589,16
590,8
591,22
592,19
593,20
594,13
595,20
596,25
597,8
598,26
599,20
600,22
601,12
602,10
603,12
604,8
605,10
606,14
607,27
608,11
609,13
610,7
611,14
612,28
613,14
614,11
615,16
616,14
617,23
618,15
619,33
620,13
621,11
622,19
623,20
624,12
625,8
626,10
627,10
628,14
629,17
630,12
631,24
632,13
633,12
634,24
635,12
636,13
637,28
638,7
639,10
640,19
641,13
642,20
643,15
644,19
645,8
646,17
647,11
648,12
649,13
650,25
651,29
652,15
653,16
654,30
655,24
656,17
657,16
658,14
659,11
660,20
661,11
662,22
663,24
664,29
665,13
666,11
667,20
668,13
669,20
670,21
671,13
672,5
673,15
674,13
675,18
676,15
677,13
678,20
679,11
680,13
681,14
682,18
683,21
684,17
685,24
686,30
687,21
688,3
689,12
690,25
691,10
692,14
693,18
694,17
695,0
696,21
697,8
698,23
699,14
700,26
701,13
702,24
703,7
704,28
705,35
706,12
707,7
708,20
709,20
710,16
711,27
712,20
713,16
714,19
715,15
716,21
717,20
718,22
719,12
720,14
721,34
722,18
723,8
724,20
725,22
726,11
727,14
728,16
729,24
730,16
731,9
732,23
733,13
734,15
735,11
736,10
737,13
738,29
739,17
740,13
741,30
742,18
743,30
744,28
745,9
746,36
747,18
748,4
749,15
