,hamming_distance
0,1315
1,1975
2,1705
3,1628
4,1775
5,1848
6,1693
7,1491
8,1983
9,1112
10,1408
11,1644
12,1641
13,1156
14,1624
15,1784
16,1320
17,1657
18,1730
19,1448
20,1755
21,1642
22,1304
23,1501
24,1462
25,1538
26,2212
27,1610
28,1444
29,1359
30,2455
31,1042
32,1380
33,1450
34,1711
35,1326
36,2183
37,1892
38,1337
39,1516
40,1717
41,1493
42,1578
43,1335
44,1527
45,1769
46,1734
47,1748
48,1180
49,1297
50,1610
51,1755
52,1775
53,1829
54,1513
55,1802
56,1274
57,1498
58,1342
59,0
60,1477
61,1808
62,2221
63,1499
64,1417
65,2141
66,1527
67,1725
68,1380
69,1952
70,1786
71,1555
72,1889
73,1629
74,2233
75,2005
76,1696
77,1789
78,1601
79,1820
80,1461
81,1563
82,1271
83,1663
84,1585
85,1352
86,1086
87,1938
88,1841
89,1263
90,2073
91,1650
92,1667
93,2192
94,1988
95,1180
96,1231
97,1736
98,1240
99,1644
100,1619
101,1740
102,2722
103,1229
104,1209
105,1900
106,2222
107,1409
108,1350
109,1991
110,2259
111,1689
112,1523
113,2048
114,1541
115,1947
116,1779
117,1779
118,1235
119,1232
120,1372
121,1875
122,1965
123,1645
124,1914
125,1553
126,1557
127,1363
128,1916
129,1337
130,2072
131,1217
132,1258
133,1513
134,1739
135,2013
136,1235
137,1475
138,1359
139,1789
140,1518
141,1723
142,1425
143,1415
144,1268
145,1445
146,2006
147,1594
148,1950
149,1551
150,1383
151,1271
152,1395
153,1958
154,1787
155,1384
156,1376
157,2296
158,1742
159,1409
160,1811
161,1852
162,1383
163,1640
164,1540
165,1407
166,1899
167,2010
168,1945
169,2560
170,2036
171,1487
172,1652
173,1450
174,1842
175,1762
176,1463
177,1983
178,1729
179,1202
180,2257
181,1777
182,1826
183,2246
184,2209
185,1422
186,1138
187,1666
188,1807
189,1395
190,2190
191,1882
192,2151
193,1884
194,1357
195,1933
196,1329
197,1828
198,1887
199,1888
200,1705
201,1997
202,1479
203,1902
204,1378
205,1771
206,1637
207,1149
208,1495
209,1588
210,2219
211,1568
212,1157
213,1573
214,1943
215,1464
216,1878
217,1795
218,1707
219,1764
220,2217
221,1415
222,1459
223,1570
224,1965
225,1768
226,1348
227,1531
228,1376
229,1733
230,1659
231,1979
232,1814
233,742
234,1527
235,1798
236,1226
237,1615
238,1170
239,1757
240,1671
241,1992
242,1500
243,1829
244,1994
245,1397
246,1669
247,1619
248,1876
249,1290
250,1980
251,2048
252,2603
253,1693
254,1640
255,1794
256,1480
257,1419
258,1284
259,1825
260,1850
261,828
262,1496
263,1932
264,1680
265,1679
266,1838
267,1738
268,2043
269,1760
270,1137
271,1174
272,1809
273,1525
274,1146
275,1299
276,1649
277,1924
278,1729
279,1578
280,1336
281,1554
282,1296
283,1889
284,892
285,2045
286,1233
287,1751
288,1099
289,1671
290,1725
291,1735
292,1179
293,1893
294,1420
295,2026
296,1469
297,1854
298,1484
299,1692
300,1491
301,1732
302,1341
303,1471
304,1559
305,2310
306,1791
307,1760
308,2260
309,1453
310,1560
311,1165
312,1660
313,1412
314,1600
315,1658
316,1996
317,1844
318,1970
319,1918
320,1340
321,1864
322,837
323,1995
324,1388
325,1327
326,1519
327,1313
328,1871
329,1616
330,1402
331,1677
332,1454
333,1880
334,1365
335,1643
336,1529
337,2233
338,1914
339,1504
340,1980
341,2273
342,1473
343,1456
344,1601
345,1969
346,1304
347,1891
348,1728
349,1611
350,1553
351,1683
352,1724
353,2266
354,1427
355,1385
356,1972
357,1997
358,1819
359,1739
360,2011
361,1411
362,1571
363,1302
364,1277
365,1348
366,1207
367,2236
368,1754
369,1410
370,1343
371,1478
372,2001
373,1980
374,2004
375,1863
376,1820
377,1858
378,1929
379,2000
380,1400
381,1621
382,2257
383,1598
384,1325
385,2384
386,2040
387,1412
388,1474
389,1658
390,1455
391,2163
392,987
393,1874
394,1458
395,1903
396,1426
397,2074
398,1845
399,1424
400,1697
401,1826
402,1410
403,1883
404,1719
405,1959
406,1919
407,1890
408,1984
409,1649
410,1881
411,2192
412,1651
413,1086
414,2225
415,1505
416,1684
417,1504
418,1209
419,1455
420,1701
421,1990
422,1940
423,1575
424,2187
425,1434
426,2510
427,1532
428,1928
429,1528
430,1345
431,1828
432,1649
433,1572
434,1905
435,1934
436,1541
437,1628
438,2452
439,1686
440,1563
441,1721
442,2299
443,1550
444,1084
445,2094
446,1655
447,1558
448,762
449,1743
450,1959
451,1953
452,1230
453,1384
454,1731
455,2040
456,1740
457,1631
458,1988
459,1459
460,1226
461,1516
462,1773
463,2209
464,2130
465,2594
466,1728
467,1952
468,1492
469,1800
470,1767
471,1994
472,1993
473,1917
474,1503
475,1722
476,1550
477,1641
478,1403
479,1596
480,1659
481,1592
482,1236
483,1636
484,1032
485,1880
486,1830
487,1806
488,1013
489,1688
490,1984
491,2226
492,1467
493,1279
494,2587
495,1672
496,1418
497,1434
498,1967
499,1927
500,1588
501,1413
502,1772
503,1596
504,1514
505,1820
506,1757
507,1184
508,1598
509,1832
510,1532
511,1832
512,1171
513,1458
514,1958
515,2058
516,1553
517,1491
518,1973
519,1768
520,1643
521,1276
522,1716
523,1610
524,1278
525,1406
526,1219
527,2184
528,1218
529,1482
530,1648
531,1893
532,1128
533,1975
534,1747
535,1895
536,1797
537,1687
538,1293
539,1151
540,1981
541,1330
542,1348
543,2021
544,2270
545,1784
546,1524
547,1432
548,1662
549,1532
550,1276
551,995
552,1779
553,2002
554,1766
555,2726
556,1698
557,1192
558,1312
559,1432
560,1511
561,1034
562,1517
563,2021
564,2209
565,1216
566,1287
567,1866
568,1794
569,2111
570,1443
571,1259
572,1309
573,1999
574,1537
575,1713
576,1489
577,1948
578,1153
579,1896
580,2181
581,1867
582,1985
583,1438
584,1226
585,1858
586,1297
587,2087
588,1915
589,1905
590,1717
591,1969
592,1984
593,1907
594,2590
595,1330
596,1332
597,1831
598,1757
599,1083
600,1849
601,1726
602,1388
603,1564
604,2855
605,2019
606,1991
607,1482
608,1374
609,2243
610,1410
611,1484
612,1431
613,1429
614,1594
615,1769
616,2368
617,1443
618,1968
619,1653
620,1978
621,1852
622,1469
623,1600
624,2191
625,1524
626,1982
627,1804
628,1886
629,2170
630,1309
631,1628
632,1942
633,1236
634,2131
635,2193
636,1985
637,1842
638,1849
639,2240
640,1697
641,1365
642,2211
643,1207
644,1951
645,1437
646,1845
647,1750
648,1982
649,1665
650,2361
651,1151
652,1819
653,2059
654,1806
655,2215
656,1610
657,2351
658,1698
659,1631
660,1477
661,1550
662,1819
663,1435
664,1669
665,1330
666,1244
667,1954
668,1547
669,1123
670,1812
671,1906
672,1880
673,1564
674,1403
675,1093
676,1990
677,1414
678,1386
679,1858
680,1971
681,2194
682,1966
683,1483
684,1615
685,1766
686,1501
687,1575
688,1801
689,1656
690,749
691,1696
692,1936
693,1653
694,1987
695,1156
696,1234
697,1528
698,1478
699,1983
700,1549
701,1385
702,2111
703,1314
704,2102
705,1072
706,1124
707,1694
708,1921
709,1813
710,1318
711,1278
712,1749
713,1353
714,1121
715,1673
716,1329
717,2099
718,2265
719,1430
720,1652
721,1800
722,1309
723,1307
724,1370
725,1531
726,1152
727,1938
728,1611
729,1575
730,1489
731,1332
732,2448
733,1816
734,1576
735,2046
736,2108
737,1609
738,1823
739,1602
740,1935
741,1556
742,1889
743,1314
744,1470
745,1828
746,1739
747,1984
748,1366
749,1786
