,hamming_distance
0,1731
1,1493
2,1893
3,2073
4,1235
5,2048
6,1207
7,1121
8,1766
9,1598
10,1991
11,1192
12,1230
13,1644
14,987
15,1541
16,1649
17,1434
18,1412
19,2004
20,1990
21,1388
22,1312
23,1902
24,1435
25,2259
26,1419
27,1905
28,1610
29,1601
30,1348
31,1559
32,1277
33,2111
34,1329
35,1336
36,1174
37,1896
38,1927
39,1611
40,1407
41,1532
42,1473
43,1555
44,1596
45,2270
46,1982
47,1547
48,2130
49,1274
50,1516
51,1258
52,1940
53,1600
54,1259
55,1749
56,1779
57,2011
58,1655
59,1687
60,2006
61,1171
62,1644
63,1650
64,1538
65,1786
66,1475
67,1610
68,1592
69,1276
70,1326
71,1652
72,1848
73,1564
74,1032
75,1363
76,1332
77,1933
78,1637
79,1471
80,1359
81,1523
82,1982
83,1773
84,1517
85,1994
86,2233
87,1970
88,1725
89,1287
90,1619
91,1717
92,1348
93,1093
94,1304
95,2560
96,1378
97,1572
98,1679
99,1600
100,1683
101,1658
102,828
103,1499
104,1467
105,1845
106,1180
107,1631
108,2021
109,2855
110,2217
111,2452
112,837
113,1995
114,1458
115,1729
116,1789
117,1410
118,1874
119,1996
120,1631
121,2240
122,1553
123,1784
124,1987
125,1858
126,1950
127,1202
128,1504
129,1673
130,2087
131,2603
132,1991
133,1826
134,1900
135,2046
136,1666
137,2102
138,1652
139,1854
140,1914
141,1550
142,1980
143,2455
144,1707
145,1573
146,1791
147,1550
148,1575
149,1994
150,1800
151,1500
152,1575
153,1385
154,1764
155,1858
156,1985
157,1415
158,1293
159,1086
160,1384
161,1370
162,1886
163,1541
164,1969
165,1461
166,1420
167,1610
168,2448
169,1907
170,1513
171,1823
172,1677
173,1648
174,1345
175,1875
176,1797
177,2384
178,1278
179,1462
180,1918
181,1686
182,1335
183,1889
184,1464
185,2048
186,1226
187,1496
188,1972
189,1732
190,1296
191,1350
192,2141
193,1357
194,1640
195,1867
196,1380
197,1410
198,1388
199,1975
200,1505
201,1844
202,1858
203,1814
204,1891
205,1754
206,1889
207,1342
208,1722
209,2194
210,1967
211,2265
212,1469
213,2010
214,1880
215,1594
216,1383
217,1740
218,1804
219,1807
220,1503
221,2246
222,1495
223,1697
224,1999
225,1619
226,1458
227,1641
228,1263
229,1483
230,1408
231,1320
232,1973
233,1642
234,1755
235,2594
236,1229
237,1429
238,1945
239,1882
240,1809
241,1656
242,1330
243,1414
244,1560
245,1757
246,762
247,1438
248,2257
249,1750
250,1413
251,1852
252,1513
253,1149
254,1757
255,2209
256,1768
257,1951
258,1332
259,1455
260,1527
261,2233
262,1151
263,1755
264,1383
265,1952
266,1800
267,742
268,1915
269,1531
270,1516
271,1662
272,2036
273,1165
274,1209
275,1395
276,1084
277,1653
278,2005
279,1099
280,1932
281,1975
282,1884
283,1651
284,1279
285,2094
286,1892
287,1829
288,1787
289,1403
290,1434
291,2215
292,1663
293,1895
294,1528
295,1954
296,1309
297,1337
298,1578
299,1952
300,1042
301,1802
302,1757
303,1692
304,1943
305,1628
306,1784
307,1772
308,1276
309,1448
310,1831
311,1532
312,1981
313,1594
314,1432
315,2192
316,1971
317,1742
318,1845
319,1138
320,1919
321,1820
322,1734
323,2170
324,1984
325,1426
326,1478
327,1474
328,1616
329,1697
330,1299
331,0
332,1942
333,1180
334,1812
335,1643
336,1736
337,1240
338,892
339,1156
340,1889
341,1352
342,1397
343,1123
344,1820
345,1489
346,2151
347,2722
348,1532
349,1628
350,1415
351,1777
352,1948
353,1329
354,1724
355,1179
356,1588
357,1696
358,2296
359,1842
360,1806
361,1775
362,1271
363,1965
364,1928
365,2212
366,1365
367,1816
368,1380
369,1384
370,1519
371,1309
372,2260
373,1529
374,1983
375,1905
376,2222
377,1832
378,1917
379,2266
380,1410
381,1314
382,1903
383,1887
384,1611
385,1563
386,1953
387,1514
388,1719
389,1760
390,1924
391,1588
392,1671
393,1218
394,1890
395,1849
396,1484
397,1649
398,1170
399,1779
400,2040
401,2190
402,1403
403,995
404,2587
405,2002
406,1469
407,2209
408,1271
409,1665
410,1698
411,1883
412,1601
413,2219
414,1997
415,1866
416,2221
417,1236
418,1083
419,1775
420,1990
421,1307
422,1713
423,2590
424,2236
425,1659
426,1459
427,2193
428,1725
429,1689
430,1965
431,2181
432,1128
433,1629
434,2043
435,1657
436,1826
437,1984
438,1554
439,1491
440,1899
441,2299
442,1479
443,1779
444,1235
445,1621
446,1984
447,1290
448,1427
449,1789
450,1992
451,1747
452,1723
453,1880
454,1640
455,1563
456,1491
457,1914
458,1453
459,1477
460,2187
461,1649
462,1492
463,1771
464,1556
465,2040
466,1209
467,1806
468,1112
469,1938
470,1602
471,1829
472,1696
473,1801
474,2019
475,1983
476,1418
477,1739
478,1232
479,1798
480,1748
481,1234
482,1558
483,1217
484,1830
485,1268
486,1641
487,2243
488,1768
489,1959
490,1828
491,1551
492,1348
493,1430
494,1425
495,1557
496,1244
497,1487
498,1501
499,2131
500,1795
501,1424
502,1934
503,1936
504,2021
505,1330
506,1743
507,1667
508,1850
509,1443
510,1226
511,1152
512,1564
513,1653
514,1717
515,1431
516,1842
517,1412
518,1819
519,1568
520,2191
521,1330
522,2257
523,1297
524,2111
525,1794
526,1315
527,1525
528,1947
529,1524
530,1878
531,1694
532,1825
533,1762
534,1980
535,1456
536,1935
537,1353
538,1409
539,1226
540,1309
541,1988
542,1337
543,1443
544,1645
545,1880
546,1811
547,1553
548,1491
549,1524
550,1820
551,1767
552,1929
553,1684
554,1137
555,1207
556,1769
557,749
558,1786
559,1444
560,1359
561,1841
562,1828
563,1958
564,1400
565,2000
566,1726
567,2026
568,1528
569,1988
570,1893
571,1578
572,1660
573,1284
574,1498
575,1643
576,1501
577,1527
578,1730
579,1366
580,1385
581,1422
582,2351
583,1808
584,1302
585,1450
586,1738
587,1376
588,1863
589,1146
590,2310
591,1072
592,1729
593,1624
594,1484
595,1411
596,1432
597,1417
598,1540
599,2001
600,1838
601,1984
602,1511
603,1693
604,1549
605,1278
606,1794
607,1571
608,1959
609,2074
610,1553
611,1997
612,1482
613,1372
614,1985
615,1739
616,2099
617,2273
618,1819
619,1406
620,1034
621,1374
622,1983
623,1978
624,1680
625,1480
626,1636
627,1325
628,1550
629,1365
630,1828
631,1852
632,1156
633,2211
634,1813
635,1386
636,1916
637,1459
638,1233
639,1477
640,1609
641,1751
642,1906
643,1688
644,1576
645,1980
646,1478
647,1760
648,1297
649,1504
650,1693
651,1921
652,1769
653,1832
654,1454
655,1470
656,1455
657,1711
658,2059
659,1735
660,1013
661,1728
662,1537
663,1184
664,2226
665,1314
666,1341
667,1231
668,1086
669,1610
670,1489
671,1766
672,1701
673,1659
674,1733
675,1881
676,1669
677,2225
678,1705
679,2163
680,1938
681,1531
682,2013
683,1518
684,1124
685,1888
686,1585
687,1482
688,1437
689,1968
690,1151
691,1698
692,2209
693,2184
694,1318
695,1327
696,1236
697,1819
698,1739
699,1864
700,1409
701,2192
702,1313
703,2368
704,1395
705,1740
706,2045
707,1445
708,1598
709,1969
710,1304
711,1716
712,2108
713,2361
714,1958
715,1376
716,2183
717,1615
718,1340
719,1527
720,1658
721,1153
722,1216
723,1575
724,2058
725,1402
726,2072
727,1705
728,1343
729,1993
730,1615
731,1849
732,1966
733,1876
734,1219
735,1728
736,1721
737,1669
738,1672
739,2726
740,1871
741,1596
742,1979
743,1628
744,2510
745,1463
746,1671
747,1157
748,1570
749,1450
