,hamming_distance
0,1742
1,1286
2,1822
3,1379
4,1570
5,2197
6,1632
7,1121
8,1406
9,1404
10,1827
11,1224
12,1622
13,1955
14,1407
15,1357
16,1605
17,1089
18,1348
19,1428
20,1972
21,1413
22,1589
23,1502
24,1570
25,1736
26,1594
27,1183
28,1468
29,1248
30,1486
31,1602
32,1559
33,1351
34,1491
35,1121
36,1181
37,1529
38,1277
39,1434
40,1519
41,1944
42,1760
43,1371
44,1277
45,2161
46,1700
47,1490
48,1380
49,1523
50,1083
51,1297
52,1476
53,1537
54,1592
55,1624
56,1518
57,1170
58,1697
59,1285
60,1711
61,1480
62,1729
63,1275
64,1585
65,1168
66,1372
67,1450
68,1134
69,982
70,1338
71,1394
72,1153
73,1358
74,1531
75,1471
76,1651
77,1385
78,1043
79,1623
80,1754
81,1873
82,1680
83,1212
84,1809
85,1581
86,1660
87,1227
88,1523
89,1232
90,1499
91,1432
92,1314
93,1546
94,1215
95,1831
96,1439
97,1534
98,1358
99,1472
100,1201
101,1245
102,1608
103,1921
104,1445
105,1699
106,1520
107,1335
108,1258
109,1720
110,1731
111,1023
112,1354
113,1505
114,1901
115,1180
116,1503
117,1556
118,1263
119,1574
120,1678
121,1511
122,1625
123,1317
124,1873
125,1351
126,1812
127,2332
128,1758
129,1440
130,1406
131,1382
132,1534
133,1393
134,1744
135,1495
136,1431
137,1229
138,1761
139,2172
140,1268
141,2221
142,1995
143,1605
144,2143
145,1244
146,1825
147,1315
148,1698
149,1721
150,1637
151,1020
152,1322
153,1497
154,1276
155,1292
156,1814
157,1217
158,1550
159,1240
160,1461
161,1217
162,1283
163,1242
164,1161
165,1830
166,1665
167,1138
168,1386
169,2305
170,1035
171,1739
172,1288
173,1185
174,1377
175,1165
176,1462
177,1631
178,1483
179,1727
180,1466
181,1325
182,1627
183,1436
184,1458
185,1854
186,1279
187,1752
188,1558
189,1525
190,1303
191,1312
192,1295
193,1020
194,1550
195,1248
196,1693
197,1600
198,1634
199,1322
200,1206
201,1419
202,1379
203,1801
204,1412
205,1216
206,1226
207,1494
208,1873
209,1637
210,1519
211,1446
212,1975
213,1641
214,1739
215,980
216,1595
217,1036
218,1210
219,1779
220,1615
221,1050
222,1590
223,1615
224,1175
225,2281
226,882
227,1121
228,1258
229,1730
230,1376
231,1245
232,1805
233,1696
234,812
235,1793
236,1682
237,1357
238,1386
239,1625
240,1265
241,1603
242,1881
243,1107
244,1472
245,1323
246,1405
247,1378
248,1568
249,1527
250,1095
251,1935
252,1588
253,1424
254,1077
255,1431
256,1139
257,1993
258,1580
259,1123
260,1764
261,1497
262,1412
263,1810
264,1768
265,1326
266,1846
267,1431
268,1734
269,2205
270,1443
271,1180
272,1534
273,1473
274,1262
275,1494
276,1268
277,1437
278,1519
279,1410
280,1449
281,1349
282,1481
283,1284
284,1116
285,2114
286,1218
287,1375
288,1190
289,1493
290,1519
291,1209
292,1289
293,1790
294,1214
295,1246
296,1407
297,1548
298,1515
299,1332
300,2096
301,1303
302,1584
303,1655
304,2144
305,1727
306,1853
307,1881
308,1445
309,1927
310,1152
311,1895
312,1298
313,1926
314,1349
315,1531
316,1184
317,1615
318,1114
319,1593
320,1618
321,1140
322,1749
323,961
324,1384
325,1678
326,1204
327,1677
328,1761
329,1179
330,1718
331,1383
332,1172
333,1388
334,1934
335,1374
336,1020
337,1474
338,1550
339,2041
340,1257
341,1480
342,1592
343,1378
344,1322
345,1443
346,1525
347,1348
348,1307
349,1391
350,1537
351,1653
352,1352
353,1440
354,1617
355,1129
356,1441
357,2062
358,1666
359,1212
360,2134
361,1839
362,1449
363,1647
364,1360
365,1409
366,1439
367,962
368,1412
369,1496
370,2276
371,1544
372,1381
373,1518
374,1439
375,1129
376,1412
377,1466
378,2109
379,1391
380,1763
381,1333
382,1500
383,1453
384,1494
385,1292
386,1431
387,1610
388,1653
389,1736
390,1312
391,1041
392,974
393,1842
394,941
395,1472
396,1432
397,1291
398,1707
399,1179
400,1483
401,1784
402,1015
403,1505
404,1893
405,1670
406,1637
407,1495
408,1719
409,1484
410,1485
411,1698
412,1298
413,2169
414,1175
415,1094
416,1239
417,1412
418,1441
419,1631
420,1194
421,1287
422,1300
423,1702
424,1337
425,1415
426,1930
427,1543
428,1452
429,1040
430,1144
431,1467
432,1910
433,1963
434,1323
435,1449
436,1482
437,1405
438,1294
439,1546
440,1473
441,1345
442,818
443,2279
444,1453
445,1688
446,1513
447,1850
448,1772
449,1493
450,1531
451,1364
452,1691
453,1466
454,1339
455,1903
456,1851
457,1741
458,1703
459,1783
460,1798
461,1337
462,1383
463,2167
464,1308
465,1754
466,1364
467,1373
468,1583
469,1081
470,1069
471,1854
472,1704
473,1737
474,1210
475,1368
476,1858
477,1636
478,1857
479,1670
480,1297
481,1843
482,1516
483,1408
484,1470
485,1236
486,1248
487,1463
488,1843
489,1716
490,1052
491,1330
492,1812
493,1484
494,1505
495,1570
496,1051
497,1292
498,1441
499,1112
500,1749
501,1360
502,1842
503,1376
504,2185
505,1579
506,1331
507,1283
508,1007
509,1679
510,1708
511,2004
512,1405
513,1122
514,1336
515,2026
516,1505
517,1910
518,1473
519,1030
520,1440
521,1093
522,1425
523,1360
524,1733
525,1553
526,1633
527,1543
528,1804
529,1965
530,1566
531,1155
532,1308
533,1115
534,1627
535,1435
536,1218
537,1592
538,1396
539,1233
540,1662
541,972
542,1226
543,1338
544,1141
545,2088
546,1728
547,1643
548,1042
549,1594
550,1227
551,1467
552,1206
553,1227
554,1719
555,983
556,1288
557,1428
558,1386
559,1388
560,1332
561,1700
562,1666
563,1400
564,1282
565,1813
566,1687
567,1535
568,1457
569,1420
570,1544
571,1668
572,1533
573,1768
574,1518
575,1681
576,1257
577,1341
578,1109
579,1476
580,1506
581,1103
582,1145
583,1739
584,1889
585,1552
586,1438
587,1240
588,1654
589,2071
590,1630
591,1872
592,1198
593,1259
594,1276
595,1462
596,1090
597,1698
598,1579
599,1668
600,1284
601,1421
602,1607
603,1732
604,1244
605,1657
606,1367
607,1094
608,1958
609,1431
610,1584
611,1500
612,1405
613,1277
614,1210
615,1562
616,1542
617,1450
618,1394
619,1359
620,1611
621,1279
622,1397
623,1275
624,1334
625,1284
626,1427
627,1416
628,1388
629,1301
630,1285
631,1366
632,1256
633,1455
634,1889
635,1608
636,1742
637,1257
638,1597
639,1413
640,1494
641,1527
642,1645
643,1508
644,1389
645,1230
646,1653
647,1183
648,1491
649,1223
650,1275
651,1090
652,1196
653,1213
654,1075
655,1392
656,1500
657,1804
658,1469
659,1736
660,1529
661,1745
662,1618
663,1165
664,1460
665,1892
666,1614
667,1216
668,1231
669,1397
670,1380
671,907
672,1469
673,1302
674,1789
675,2013
676,1163
677,1728
678,1472
679,1698
680,1276
681,1751
682,134
683,1785
684,1325
685,1714
686,1757
687,1250
688,1493
689,1447
690,1127
691,2076
692,1253
693,1349
694,1884
695,1425
696,1451
697,1568
698,1197
699,1433
700,1505
701,1728
702,1343
703,1390
704,1613
705,1480
706,1119
707,1745
708,1366
709,1147
710,1042
711,1332
712,1104
713,1240
714,1676
715,1680
716,1604
717,1998
718,1370
719,1960
720,1584
721,1305
722,1245
723,1486
724,1182
725,1222
726,1727
727,1674
728,1749
729,1168
730,1187
731,2175
732,1472
733,981
734,1602
735,1189
736,1991
737,1409
738,1790
739,1302
740,2046
741,2219
742,1620
743,1813
744,1575
745,1393
746,1519
747,1648
748,1203
749,2294
