,hamming_distance
0,67
1,129
2,115
3,131
4,120
5,157
6,97
7,91
8,102
9,114
10,95
11,128
12,93
13,87
14,103
15,116
16,109
17,127
18,132
19,82
20,98
21,102
22,113
23,150
24,95
25,128
26,90
27,83
28,95
29,104
30,91
31,143
32,139
33,84
34,135
35,96
36,130
37,92
38,102
39,116
40,102
41,124
42,114
43,128
44,92
45,132
46,102
47,119
48,88
49,121
50,131
51,98
52,126
53,99
54,100
55,145
56,127
57,102
58,155
59,173
60,103
61,152
62,134
63,104
64,133
65,131
66,126
67,157
68,116
69,52
70,81
71,88
72,106
73,158
74,162
75,123
76,118
77,138
78,96
79,129
80,110
81,96
82,120
83,98
84,110
85,61
86,124
87,143
88,114
89,96
90,63
91,104
92,130
93,5
94,79
95,109
96,95
97,134
98,103
99,148
100,95
101,102
102,102
103,126
104,76
105,143
106,91
107,123
108,69
109,108
110,79
111,132
112,52
113,122
114,114
115,100
116,99
117,95
118,130
119,86
120,96
121,98
122,93
123,135
124,86
125,138
126,101
127,61
128,99
129,102
130,125
131,81
132,77
133,84
134,108
135,111
136,103
137,110
138,115
139,96
140,156
141,97
142,106
143,99
144,83
145,160
146,126
147,104
148,129
149,125
150,112
151,123
152,114
153,104
154,92
155,86
156,129
157,113
158,94
159,81
160,84
161,106
162,143
163,111
164,132
165,122
166,114
167,90
168,131
169,116
170,136
171,94
172,125
173,58
174,108
175,99
176,110
177,105
178,96
179,146
180,96
181,94
182,90
183,104
184,124
185,133
186,79
187,124
188,147
189,150
190,115
191,64
192,93
193,111
194,131
195,84
196,135
197,72
198,92
199,85
200,96
201,184
202,145
203,129
204,140
205,105
206,92
207,119
208,118
209,74
210,141
211,110
212,123
213,125
214,90
215,139
216,118
217,115
218,138
219,102
220,158
221,115
222,125
223,88
224,95
225,103
226,77
227,94
228,93
229,155
230,89
231,151
232,118
233,150
234,124
235,78
236,111
237,97
238,137
239,122
240,74
241,115
242,123
243,71
244,151
245,98
246,93
247,88
248,100
249,57
250,96
251,95
252,59
253,82
254,86
255,122
256,101
257,91
258,148
259,134
260,120
261,118
262,123
263,101
264,84
265,128
266,120
267,105
268,116
269,93
270,127
271,97
272,150
273,102
274,94
275,106
276,127
277,166
278,48
279,103
280,85
281,122
282,85
283,99
284,130
285,105
286,109
287,85
288,129
289,105
290,86
291,84
292,79
293,127
294,109
295,126
296,91
297,128
298,108
299,96
300,69
301,146
302,84
303,99
304,134
305,79
306,120
307,119
308,97
309,127
310,90
311,108
312,95
313,131
314,156
315,108
316,86
317,147
318,121
319,118
320,137
321,74
322,130
323,104
324,138
325,98
326,134
327,121
328,118
329,111
330,81
331,155
332,96
333,138
334,107
335,118
336,146
337,113
338,107
339,116
340,105
341,119
342,96
343,120
344,90
345,70
346,102
347,119
348,134
349,154
350,92
351,87
352,130
353,89
354,77
355,113
356,108
357,143
358,110
359,91
360,105
361,182
362,97
363,105
364,96
365,128
366,136
367,130
368,98
369,84
370,94
371,108
372,78
373,104
374,110
375,67
376,114
377,120
378,97
379,133
380,106
381,93
382,89
383,79
384,110
385,92
386,139
387,81
388,96
389,88
390,72
391,111
392,88
393,104
394,85
395,125
396,93
397,135
398,91
399,120
400,104
401,113
402,58
403,111
404,169
405,107
406,144
407,102
408,115
409,144
410,106
411,106
412,108
413,112
414,150
415,117
416,74
417,156
418,125
419,118
420,126
421,107
422,118
423,88
424,87
425,103
426,109
427,87
428,129
429,110
430,146
431,95
432,123
433,108
434,108
435,97
436,97
437,125
438,147
439,104
440,117
441,111
442,141
443,134
444,58
445,156
446,126
447,106
448,125
449,111
450,94
451,139
452,138
453,91
454,125
455,126
456,131
457,103
458,101
459,107
460,141
461,117
462,116
463,136
464,103
465,101
466,82
467,99
468,128
469,118
470,123
471,103
472,114
473,131
474,84
475,134
476,97
477,120
478,93
479,128
480,91
481,99
482,103
483,83
484,117
485,116
486,99
487,121
488,111
489,129
490,142
491,112
492,73
493,70
494,144
495,126
496,132
497,88
498,92
499,97
500,70
501,126
502,108
503,119
504,103
505,131
506,83
507,145
508,116
509,69
510,155
511,149
512,117
513,84
514,70
515,57
516,129
517,113
518,77
519,106
520,159
521,137
522,110
523,125
524,88
525,120
526,92
527,140
528,90
529,115
530,144
531,102
532,137
533,115
534,81
535,103
536,125
537,120
538,126
539,105
540,130
541,113
542,121
543,87
544,65
545,102
546,83
547,109
548,134
549,115
550,96
551,104
552,88
553,123
554,136
555,121
556,106
557,121
558,104
559,122
560,62
561,114
562,135
563,110
564,76
565,92
566,126
567,94
568,128
569,93
570,92
571,154
572,96
573,115
574,103
575,107
576,81
577,125
578,77
579,98
580,77
581,101
582,178
583,63
584,109
585,114
586,93
587,127
588,142
589,118
590,121
591,105
592,115
593,97
594,138
595,87
596,121
597,122
598,114
599,149
600,87
601,122
602,153
603,85
604,62
605,140
606,111
607,123
608,122
609,115
610,69
611,139
612,115
613,117
614,122
615,83
616,132
617,103
618,108
619,110
620,160
621,130
622,93
623,94
624,85
625,109
626,128
627,120
628,89
629,115
630,139
631,105
632,89
633,95
634,106
635,136
636,146
637,138
638,102
639,107
640,94
641,71
642,96
643,104
644,108
645,87
646,107
647,111
648,102
649,72
650,150
651,147
652,136
653,82
654,74
655,120
656,94
657,136
658,120
659,130
660,143
661,130
662,113
663,94
664,99
665,115
666,108
667,112
668,133
669,113
670,96
671,68
672,141
673,66
674,107
675,144
676,134
677,85
678,166
679,92
680,121
681,111
682,168
683,97
684,102
685,137
686,80
687,131
688,125
689,87
690,125
691,90
692,92
693,118
694,121
695,117
696,84
697,99
698,100
699,92
700,105
701,102
702,120
703,108
704,110
705,99
706,165
707,155
708,108
709,101
710,121
711,91
712,119
713,98
714,91
715,149
716,133
717,110
718,112
719,112
720,134
721,138
722,120
723,159
724,107
725,113
726,99
727,97
728,128
729,75
730,91
731,117
732,101
733,95
734,118
735,146
736,99
737,99
738,101
739,136
740,104
741,123
742,128
743,101
744,127
745,92
746,109
747,169
748,120
749,106
