,hamming_distance
0,180
1,120
2,161
3,222
4,158
5,140
6,139
7,141
8,154
9,175
10,234
11,99
12,157
13,131
14,206
15,132
16,126
17,143
18,125
19,182
20,139
21,124
22,166
23,153
24,227
25,155
26,140
27,183
28,170
29,124
30,167
31,175
32,136
33,149
34,172
35,136
36,219
37,191
38,165
39,132
40,147
41,133
42,155
43,212
44,145
45,148
46,176
47,132
48,185
49,176
50,136
51,172
52,157
53,124
54,166
55,165
56,169
57,163
58,128
59,171
60,160
61,138
62,146
63,181
64,164
65,145
66,142
67,161
68,136
69,204
70,126
71,152
72,176
73,160
74,166
75,168
76,132
77,96
78,168
79,182
80,143
81,159
82,227
83,145
84,247
85,195
86,185
87,139
88,167
89,160
90,145
91,144
92,170
93,141
94,170
95,179
96,129
97,171
98,132
99,160
100,133
101,144
102,137
103,173
104,144
105,219
106,165
107,177
108,122
109,159
110,166
111,170
112,162
113,135
114,184
115,154
116,152
117,146
118,104
119,220
120,142
121,173
122,116
123,142
124,145
125,217
126,161
127,147
128,155
129,170
130,159
131,178
132,161
133,162
134,119
135,153
136,139
137,177
138,138
139,163
140,205
141,134
142,167
143,124
144,167
145,130
146,130
147,142
148,171
149,154
150,160
151,170
152,178
153,143
154,156
155,226
156,114
157,206
158,103
159,174
160,133
161,171
162,189
163,161
164,157
165,168
166,155
167,143
168,178
169,158
170,194
171,159
172,179
173,128
174,142
175,175
176,187
177,125
178,117
179,118
180,171
181,124
182,202
183,155
184,179
185,223
186,172
187,135
188,180
189,171
190,154
191,125
192,160
193,158
194,164
195,135
196,185
197,152
198,155
199,171
200,165
201,165
202,205
203,140
204,134
205,129
206,129
207,124
208,140
209,182
210,196
211,153
212,222
213,174
214,143
215,165
216,129
217,169
218,172
219,158
220,158
221,146
222,112
223,177
224,230
225,228
226,130
227,166
228,172
229,122
230,159
231,172
232,164
233,163
234,158
235,132
236,184
237,140
238,164
239,165
240,178
241,177
242,191
243,130
244,169
245,157
246,131
247,190
248,169
249,178
250,145
251,151
252,184
253,173
254,161
255,148
256,158
257,164
258,193
259,172
260,129
261,191
262,134
263,168
264,155
265,218
266,159
267,143
268,133
269,128
270,139
271,244
272,205
273,111
274,138
275,159
276,127
277,140
278,122
279,169
280,157
281,128
282,145
283,199
284,151
285,152
286,167
287,167
288,120
289,180
290,155
291,111
292,105
293,147
294,151
295,158
296,156
297,209
298,153
299,176
300,144
301,169
302,220
303,143
304,145
305,153
306,173
307,184
308,130
309,159
310,145
311,243
312,237
313,148
314,131
315,150
316,183
317,164
318,135
319,125
320,171
321,184
322,140
323,169
324,118
325,161
326,192
327,193
328,193
329,169
330,137
331,155
332,148
333,162
334,154
335,176
336,143
337,119
338,128
339,142
340,130
341,146
342,118
343,163
344,202
345,179
346,168
347,157
348,173
349,191
350,168
351,166
352,128
353,172
354,204
355,151
356,90
357,128
358,184
359,139
360,124
361,180
362,142
363,197
364,150
365,150
366,154
367,105
368,144
369,167
370,150
371,183
372,180
373,140
374,135
375,167
376,125
377,165
378,174
379,186
380,124
381,185
382,105
383,193
384,175
385,143
386,155
387,143
388,136
389,254
390,168
391,154
392,149
393,155
394,139
395,149
396,136
397,149
398,143
399,173
400,170
401,198
402,167
403,191
404,186
405,226
406,143
407,173
408,166
409,172
410,137
411,134
412,225
413,145
414,171
415,197
416,127
417,181
418,147
419,154
420,127
421,150
422,185
423,154
424,217
425,163
426,225
427,120
428,160
429,138
430,135
431,140
432,137
433,175
434,138
435,182
436,157
437,191
438,155
439,140
440,170
441,139
442,148
443,146
444,141
445,138
446,170
447,217
448,221
449,134
450,127
451,178
452,224
453,144
454,163
455,161
456,145
457,145
458,146
459,144
460,182
461,165
462,202
463,157
464,150
465,138
466,137
467,144
468,139
469,160
470,204
471,150
472,150
473,128
474,144
475,130
476,146
477,156
478,160
479,185
480,168
481,121
482,161
483,125
484,133
485,151
486,207
487,206
488,220
489,155
490,114
491,175
492,163
493,164
494,159
495,159
496,232
497,181
498,220
499,140
500,145
501,230
502,194
503,161
504,180
505,162
506,168
507,166
508,121
509,137
510,191
511,140
512,170
513,130
514,143
515,109
516,186
517,124
518,152
519,180
520,226
521,193
522,123
523,119
524,209
525,137
526,193
527,177
528,132
529,194
530,157
531,162
532,152
533,163
534,138
535,156
536,161
537,150
538,214
539,158
540,161
541,218
542,146
543,179
544,142
545,113
546,140
547,130
548,154
549,136
550,112
551,171
552,191
553,164
554,166
555,147
556,163
557,147
558,179
559,145
560,180
561,158
562,160
563,149
564,210
565,88
566,177
567,203
568,191
569,183
570,182
571,140
572,171
573,149
574,124
575,241
576,99
577,114
578,139
579,132
580,163
581,194
582,181
583,145
584,99
585,122
586,157
587,132
588,180
589,137
590,156
591,193
592,152
593,157
594,140
595,198
596,118
597,149
598,120
599,134
600,164
601,185
602,147
603,166
604,129
605,190
606,209
607,143
608,160
609,156
610,112
611,169
612,169
613,217
614,149
615,130
616,170
617,173
618,153
619,111
620,118
621,184
622,160
623,141
624,151
625,144
626,187
627,150
628,221
629,183
630,195
631,131
632,123
633,135
634,134
635,111
636,138
637,139
638,121
639,150
640,175
641,109
642,176
643,174
644,157
645,146
646,163
647,160
648,126
649,120
650,145
651,159
652,131
653,198
654,167
655,164
656,135
657,190
658,168
659,172
660,198
661,141
662,137
663,105
664,228
665,117
666,140
667,106
668,148
669,170
670,166
671,150
672,177
673,131
674,0
675,169
676,152
677,103
678,150
679,167
680,175
681,202
682,161
683,134
684,160
685,201
686,187
687,177
688,149
689,144
690,177
691,178
692,171
693,172
694,202
695,157
696,202
697,121
698,100
699,233
700,126
701,149
702,167
703,137
704,117
705,154
706,171
707,117
708,165
709,151
710,170
711,128
712,113
713,141
714,142
715,91
716,198
717,179
718,129
719,192
720,153
721,138
722,164
723,177
724,181
725,209
726,160
727,140
728,176
729,139
730,164
731,180
732,142
733,143
734,148
735,144
736,150
737,137
738,181
739,219
740,161
741,138
742,162
743,192
744,154
745,137
746,185
747,172
748,212
749,166
