,hamming_distance
0,5
1,6
2,4
3,3
4,2
5,1
6,4
7,6
8,8
9,5
10,4
11,3
12,1
13,4
14,14
15,2
16,13
17,4
18,6
19,4
20,3
21,3
22,6
23,5
24,4
25,11
26,5
27,21
28,1
29,3
30,1
31,6
32,5
33,4
34,5
35,8
36,6
37,4
38,5
39,2
40,2
41,28
42,2
43,8
44,4
45,13
46,6
47,1
48,3
49,0
50,7
51,2
52,7
53,4
54,14
55,3
56,5
57,12
58,18
59,1
60,24
61,5
62,2
63,6
64,2
65,7
66,6
67,5
68,4
69,4
70,2
71,8
72,3
73,6
74,2
75,9
76,15
77,2
78,13
79,2
80,8
81,4
82,5
83,6
84,14
85,1
86,5
87,2
88,4
89,2
90,5
91,0
92,1
93,6
94,2
95,3
96,1
97,5
98,3
99,7
100,4
101,9
102,6
103,4
104,14
105,5
106,3
107,6
108,3
109,1
110,4
111,3
112,3
113,5
114,6
115,5
116,5
117,3
118,3
119,1
120,2
121,25
122,3
123,3
124,4
125,1
126,2
127,10
128,3
129,7
130,1
131,12
132,4
133,2
134,9
135,5
136,2
137,6
138,8
139,5
140,5
141,3
142,2
143,14
144,12
145,2
146,3
147,12
148,2
149,4
150,1
151,3
152,2
153,5
154,0
155,4
156,1
157,5
158,11
159,6
160,8
161,4
162,8
163,2
164,3
165,6
166,4
167,2
168,9
169,2
170,3
171,7
172,5
173,4
174,12
175,3
176,4
177,5
178,1
179,2
180,1
181,5
182,3
183,4
184,1
185,4
186,4
187,2
188,3
189,5
190,5
191,2
192,2
193,17
194,4
195,4
196,5
197,2
198,2
199,20
200,22
201,4
202,5
203,4
204,4
205,4
206,22
207,4
208,6
209,2
210,2
211,7
212,5
213,1
214,4
215,4
216,1
217,3
218,1
219,1
220,1
221,13
222,3
223,1
224,2
225,2
226,2
227,7
228,2
229,4
230,16
231,1
232,7
233,6
234,4
235,2
236,6
237,6
238,3
239,2
240,2
241,10
242,2
243,2
244,5
245,5
246,2
247,7
248,4
249,3
250,2
251,2
252,2
253,3
254,6
255,10
256,0
257,6
258,6
259,8
260,6
261,6
262,4
263,2
264,5
265,11
266,3
267,3
268,7
269,2
270,6
271,4
272,6
273,3
274,3
275,9
276,2
277,4
278,9
279,2
280,24
281,5
282,5
283,5
284,12
285,6
286,9
287,4
288,5
289,4
290,5
291,4
292,3
293,7
294,1
295,7
296,7
297,1
298,3
299,4
300,5
301,2
302,3
303,20
304,12
305,6
306,6
307,4
308,2
309,7
310,8
311,2
312,2
313,4
314,1
315,1
316,6
317,2
318,4
319,3
320,5
321,2
322,6
323,3
324,3
325,3
326,2
327,2
328,2
329,4
330,4
331,2
332,7
333,13
334,12
335,3
336,1
337,2
338,3
339,9
340,5
341,4
342,3
343,6
344,5
345,7
346,1
347,7
348,4
349,2
350,2
351,5
352,3
353,6
354,7
355,4
356,7
357,3
358,1
359,1
360,3
361,15
362,6
363,5
364,10
365,8
366,1
367,2
368,8
369,2
370,1
371,13
372,6
373,4
374,4
375,2
376,3
377,5
378,5
379,3
380,9
381,4
382,22
383,6
384,2
385,8
386,15
387,6
388,6
389,2
390,9
391,10
392,2
393,6
394,5
395,7
396,2
397,1
398,1
399,6
400,3
401,2
402,4
403,6
404,6
405,2
406,8
407,2
408,2
409,14
410,2
411,2
412,2
413,7
414,3
415,3
416,10
417,10
418,13
419,3
420,8
421,3
422,5
423,1
424,4
425,2
426,4
427,4
428,1
429,3
430,5
431,2
432,8
433,9
434,1
435,3
436,3
437,6
438,6
439,1
440,14
441,6
442,1
443,4
444,4
445,4
446,5
447,2
448,7
449,4
450,5
451,10
452,12
453,4
454,1
455,6
456,11
457,11
458,5
459,2
460,4
461,13
462,8
463,15
464,7
465,4
466,2
467,9
468,6
469,15
470,4
471,2
472,5
473,1
474,4
475,1
476,18
477,4
478,5
479,2
480,6
481,2
482,6
483,3
484,1
485,3
486,4
487,6
488,2
489,7
490,5
491,6
492,17
493,1
494,6
495,3
496,0
497,3
498,4
499,1
500,7
501,0
502,3
503,12
504,1
505,11
506,11
507,2
508,3
509,5
510,2
511,8
512,10
513,4
514,3
515,5
516,3
517,13
518,3
519,3
520,1
521,2
522,7
523,3
524,2
525,3
526,3
527,4
528,3
529,3
530,3
531,3
532,2
533,7
534,6
535,19
536,5
537,4
538,2
539,2
540,3
541,1
542,2
543,7
544,4
545,12
546,5
547,1
548,5
549,4
550,6
551,10
552,4
553,1
554,6
555,17
556,2
557,2
558,2
559,2
560,3
561,2
562,4
563,1
564,3
565,5
566,5
567,7
568,4
569,3
570,7
571,3
572,1
573,1
574,7
575,15
576,2
577,4
578,2
579,4
580,3
581,7
582,4
583,1
584,2
585,6
586,7
587,1
588,5
589,18
590,3
591,3
592,2
593,3
594,3
595,8
596,15
597,2
598,3
599,13
600,4
601,5
602,7
603,4
604,5
605,5
606,2
607,2
608,3
609,3
610,9
611,15
612,4
613,9
614,3
615,1
616,3
617,1
618,5
619,4
620,1
621,5
622,13
623,5
624,18
625,10
626,14
627,9
628,3
629,3
630,2
631,6
632,1
633,5
634,1
635,6
636,3
637,1
638,19
639,6
640,5
641,7
642,3
643,4
644,5
645,6
646,3
647,2
648,5
649,1
650,1
651,2
652,7
653,4
654,4
655,6
656,6
657,6
658,5
659,3
660,2
661,5
662,15
663,3
664,1
665,1
666,10
667,15
668,9
669,3
670,9
671,18
672,10
673,5
674,2
675,19
676,1
677,6
678,7
679,6
680,2
681,2
682,3
683,3
684,5
685,1
686,9
687,2
688,9
689,6
690,3
691,1
692,4
693,7
694,6
695,3
696,4
697,1
698,4
699,3
700,5
701,3
702,7
703,5
704,3
705,7
706,8
707,10
708,3
709,4
710,6
711,2
712,6
713,1
714,3
715,3
716,3
717,8
718,6
719,8
720,2
721,3
722,7
723,2
724,4
725,1
726,15
727,5
728,8
729,6
730,3
731,2
732,4
733,5
734,2
735,10
736,12
737,14
738,7
739,16
740,6
741,6
742,7
743,2
744,3
745,8
746,3
747,8
748,13
749,1
