,hamming_distance
0,1794
1,1649
2,1412
3,1370
4,2040
5,2452
6,1207
7,1473
8,1980
9,1174
10,2351
11,1895
12,1434
13,2000
14,1500
15,1180
16,1642
17,1880
18,1984
19,1511
20,1823
21,987
22,1852
23,1271
24,1730
25,1443
26,1784
27,1402
28,1820
29,1419
30,1519
31,1302
32,1697
33,1907
34,1996
35,1496
36,1768
37,1819
38,1994
39,1516
40,1808
41,1123
42,1842
43,1893
44,1352
45,1616
46,1554
47,1739
48,1777
49,1417
50,1332
51,1151
52,1672
53,1755
54,1644
55,1852
56,1550
57,1233
58,1725
59,1938
60,1086
61,2046
62,1532
63,2045
64,1950
65,1967
66,1994
67,2510
68,1492
69,1990
70,1432
71,1137
72,2099
73,1684
74,1474
75,1296
76,1945
77,2259
78,1386
79,1751
80,2219
81,1754
82,1983
83,2002
84,1933
85,1549
86,1374
87,995
88,1878
89,1981
90,1880
91,1769
92,1524
93,2094
94,1414
95,2260
96,1652
97,1151
98,1403
99,1325
100,1875
101,1755
102,1686
103,1973
104,1513
105,1348
106,1528
107,1230
108,1234
109,837
110,1739
111,2102
112,1448
113,1330
114,2187
115,1979
116,1723
117,1501
118,1880
119,1615
120,1384
121,1610
122,1673
123,2072
124,1683
125,1749
126,1309
127,1598
128,1585
129,1648
130,1786
131,1337
132,2048
133,1640
134,1218
135,1679
136,1462
137,1495
138,1226
139,1874
140,2221
141,1503
142,1192
143,1667
144,1991
145,742
146,1336
147,1832
148,1693
149,1775
150,1919
151,1557
152,1359
153,1357
154,1388
155,1649
156,1467
157,1660
158,1750
159,1983
160,1124
161,1658
162,1444
163,2455
164,1410
165,1652
166,1971
167,1800
168,1687
169,1697
170,1345
171,1532
172,1975
173,1748
174,1867
175,1978
176,1787
177,1588
178,1884
179,1437
180,1312
181,1179
182,1611
183,1431
184,1438
185,1999
186,762
187,1997
188,1482
189,1829
190,1531
191,1643
192,1924
193,1171
194,2026
195,2265
196,1842
197,1426
198,2233
199,1575
200,1975
201,2074
202,1366
203,1470
204,1850
205,1990
206,2193
207,1800
208,1789
209,1948
210,1259
211,1830
212,1540
213,1739
214,1343
215,2243
216,892
217,1409
218,1560
219,1738
220,1013
221,1365
222,1666
223,1688
224,1384
225,1464
226,2111
227,1523
228,1378
229,1380
230,1407
231,1637
232,1435
233,1896
234,1348
235,1993
236,1735
237,1042
238,1207
239,1385
240,1527
241,1235
242,1802
243,1733
244,1631
245,2013
246,1278
247,1938
248,1610
249,1513
250,1318
251,2192
252,1619
253,1988
254,1624
255,1128
256,2209
257,1629
258,1327
259,1209
260,1353
261,1729
262,1514
263,1713
264,1893
265,1459
266,1568
267,1314
268,1484
269,2170
270,1806
271,1304
272,2855
273,2209
274,2726
275,1747
276,1854
277,1798
278,1330
279,1711
280,2590
281,1284
282,1959
283,1165
284,1820
285,1804
286,1743
287,1469
288,1297
289,2361
290,1219
291,2151
292,1541
293,1980
294,1757
295,1425
296,1936
297,1615
298,1881
299,2184
300,1304
301,1707
302,1806
303,2257
304,2296
305,1657
306,2215
307,2036
308,1563
309,1418
310,2183
311,1146
312,1385
313,2021
314,1965
315,2266
316,1072
317,1769
318,1455
319,1263
320,1475
321,1547
322,1665
323,1450
324,1149
325,1892
326,1631
327,1828
328,1677
329,1969
330,1578
331,1890
332,1628
333,1886
334,1887
335,1819
336,1491
337,1829
338,1516
339,1656
340,1594
341,1820
342,2073
343,2043
344,1274
345,1916
346,1984
347,1157
348,1643
349,1217
350,1663
351,1555
352,1899
353,1784
354,1915
355,1871
356,1372
357,1564
358,1995
359,1659
360,1953
361,1383
362,1524
363,1531
364,1550
365,1779
366,2004
367,1445
368,2225
369,1152
370,1905
371,1653
372,1789
373,1760
374,1156
375,1742
376,1717
377,1757
378,1180
379,1576
380,1456
381,1083
382,1376
383,1482
384,1610
385,1420
386,1640
387,2722
388,1876
389,1596
390,1984
391,1348
392,1600
393,1992
394,2059
395,2299
396,1424
397,1918
398,1662
399,1483
400,1619
401,1491
402,1415
403,1609
404,1914
405,2233
406,1443
407,1153
408,1434
409,2368
410,1450
411,2191
412,1459
413,1571
414,1527
415,1669
416,1705
417,1342
418,1553
419,749
420,1705
421,1408
422,1501
423,1184
424,1689
425,1563
426,1422
427,2001
428,1917
429,1484
430,1724
431,1525
432,1529
433,1888
434,1719
435,1954
436,1651
437,2087
438,2603
439,1858
440,1641
441,1813
442,1504
443,1458
444,1819
445,0
446,1376
447,1698
448,1958
449,1341
450,1429
451,1811
452,1329
453,2011
454,1430
455,2019
456,1658
457,1889
458,1779
459,1517
460,2181
461,1766
462,1716
463,1556
464,1864
465,1825
466,1988
467,2222
468,1499
469,1489
470,2209
471,1093
472,1297
473,1848
474,1791
475,1794
476,1943
477,1314
478,1588
479,1889
480,1350
481,1906
482,1628
483,1594
484,1841
485,1409
486,1902
487,1601
488,1553
489,1767
490,1732
491,1313
492,1891
493,1866
494,1621
495,1768
496,1235
497,1883
498,1722
499,1365
500,1764
501,1453
502,1972
503,1601
504,1478
505,1692
506,1816
507,1564
508,1649
509,2192
510,1858
511,2560
512,1984
513,1987
514,828
515,1209
516,1463
517,1696
518,1478
519,1942
520,2273
521,1889
522,1458
523,1406
524,1966
525,1726
526,1980
527,1801
528,1216
529,1600
530,1997
531,1412
532,1828
533,1231
534,1493
535,2141
536,1359
537,2270
538,1383
539,1532
540,1112
541,2021
542,1528
543,1558
544,1480
545,1553
546,1099
547,1315
548,1786
549,1335
550,1694
551,1728
552,1277
553,1669
554,1309
555,1929
556,1329
557,1905
558,1807
559,1268
560,1982
561,1427
562,1240
563,1947
564,1578
565,1236
566,1400
567,1572
568,1455
569,1970
570,1610
571,1278
572,1397
573,1559
574,1650
575,2048
576,1844
577,1659
578,2257
579,2217
580,1644
581,1828
582,1380
583,1413
584,1537
585,1832
586,1849
587,1138
588,1340
589,1757
590,1762
591,2010
592,1838
593,2190
594,1698
595,1696
596,2587
597,1797
598,1411
599,2310
600,1779
601,1717
602,2130
603,1258
604,1959
605,1363
606,1309
607,1527
608,1454
609,1487
610,1602
611,2006
612,1403
613,1636
614,2131
615,1592
616,1991
617,2594
618,1415
619,1121
620,1985
621,1084
622,1538
623,1299
624,1156
625,1725
626,1489
627,1573
628,1232
629,1773
630,1505
631,2058
632,1330
633,1985
634,1388
635,1086
636,1410
637,1410
638,1276
639,1940
640,1293
641,1795
642,1332
643,1477
644,1575
645,1469
646,2108
647,1826
648,1932
649,2384
650,1504
651,1229
652,2005
653,1655
654,1740
655,1736
656,1831
657,1952
658,1760
659,1326
660,1952
661,1845
662,1236
663,1731
664,1202
665,1858
666,1951
667,1812
668,1320
669,1271
670,1740
671,1477
672,2236
673,1491
674,1927
675,1728
676,1900
677,1701
678,2163
679,2240
680,1628
681,1290
682,1034
683,1598
684,1863
685,1693
686,1395
687,1226
688,1541
689,1826
690,1653
691,1575
692,1968
693,2194
694,1307
695,1226
696,1432
697,1934
698,1849
699,1935
700,2246
701,1518
702,1645
703,1671
704,1498
705,1921
706,1611
707,1680
708,1244
709,1734
710,1845
711,2040
712,1276
713,2448
714,1596
715,1729
716,1479
717,1170
718,1032
719,1471
720,1395
721,1772
722,1771
723,1928
724,1958
725,1570
726,1279
727,1983
728,2212
729,2226
730,1982
731,2211
732,1641
733,1969
734,1809
735,1965
736,1882
737,1461
738,1337
739,1914
740,1671
741,1287
742,1814
743,1766
744,1551
745,1903
746,1775
747,1550
748,1721
749,2111
