,hamming_distance
0,12
1,8
2,12
3,11
4,12
5,21
6,27
7,22
8,12
9,13
10,30
11,22
12,17
13,14
14,21
15,8
16,10
17,12
18,24
19,16
20,16
21,36
22,22
23,28
24,11
25,25
26,23
27,24
28,24
29,18
30,14
31,12
32,14
33,10
34,19
35,17
36,15
37,13
38,25
39,11
40,27
41,14
42,12
43,22
44,13
45,24
46,13
47,16
48,16
49,20
50,19
51,24
52,26
53,12
54,12
55,28
56,17
57,29
58,18
59,20
60,19
61,16
62,24
63,22
64,21
65,9
66,27
67,18
68,8
69,16
70,21
71,13
72,17
73,27
74,19
75,10
76,6
77,14
78,11
79,5
80,8
81,18
82,24
83,6
84,20
85,14
86,24
87,24
88,11
89,22
90,13
91,22
92,18
93,12
94,25
95,11
96,17
97,14
98,24
99,24
100,18
101,17
102,9
103,12
104,21
105,13
106,21
107,14
108,25
109,15
110,15
111,8
112,18
113,22
114,18
115,4
116,16
117,17
118,15
119,22
120,14
121,11
122,14
123,13
124,17
125,17
126,10
127,18
128,13
129,10
130,14
131,21
132,11
133,22
134,14
135,8
136,23
137,24
138,16
139,33
140,13
141,22
142,23
143,21
144,23
145,13
146,14
147,14
148,10
149,21
150,12
151,19
152,10
153,21
154,16
155,16
156,15
157,21
158,10
159,19
160,11
161,21
162,31
163,19
164,9
165,24
166,14
167,25
168,19
169,11
170,16
171,21
172,9
173,12
174,20
175,13
176,13
177,10
178,14
179,13
180,26
181,22
182,24
183,15
184,16
185,16
186,10
187,17
188,24
189,22
190,9
191,22
192,23
193,20
194,15
195,16
196,40
197,8
198,29
199,15
200,12
201,30
202,17
203,13
204,14
205,18
206,9
207,20
208,23
209,12
210,8
211,13
212,11
213,13
214,19
215,16
216,12
217,21
218,17
219,16
220,21
221,24
222,18
223,11
224,22
225,20
226,17
227,10
228,20
229,18
230,17
231,8
232,14
233,9
234,23
235,21
236,23
237,17
238,22
239,11
240,18
241,29
242,25
243,16
244,18
245,20
246,16
247,13
248,18
249,18
250,13
251,25
252,21
253,14
254,11
255,29
256,12
257,8
258,9
259,26
260,16
261,7
262,12
263,10
264,7
265,15
266,27
267,20
268,19
269,17
270,25
271,9
272,16
273,31
274,13
275,13
276,9
277,18
278,20
279,21
280,16
281,12
282,16
283,11
284,20
285,28
286,21
287,28
288,15
289,22
290,9
291,15
292,17
293,13
294,30
295,10
296,14
297,8
298,16
299,13
300,16
301,27
302,9
303,0
304,14
305,17
306,19
307,18
308,10
309,16
310,21
311,8
312,18
313,20
314,11
315,11
316,7
317,24
318,12
319,9
320,12
321,14
322,21
323,14
324,16
325,28
326,23
327,21
328,6
329,10
330,14
331,7
332,19
333,17
334,7
335,8
336,13
337,17
338,17
339,12
340,23
341,12
342,26
343,23
344,22
345,23
346,16
347,11
348,21
349,14
350,12
351,22
352,5
353,19
354,14
355,17
356,13
357,11
358,7
359,16
360,15
361,16
362,35
363,23
364,12
365,10
366,15
367,20
368,18
369,19
370,17
371,23
372,20
373,19
374,24
375,15
376,28
377,7
378,17
379,26
380,14
381,10
382,14
383,13
384,19
385,19
386,19
387,12
388,9
389,31
390,10
391,8
392,15
393,24
394,11
395,10
396,15
397,12
398,7
399,18
400,9
401,11
402,16
403,23
404,12
405,10
406,21
407,14
408,12
409,13
410,21
411,13
412,22
413,16
414,20
415,30
416,8
417,20
418,23
419,30
420,17
421,13
422,13
423,14
424,16
425,12
426,18
427,15
428,25
429,21
430,13
431,28
432,39
433,23
434,21
435,11
436,25
437,13
438,7
439,14
440,17
441,12
442,18
443,24
444,11
445,22
446,17
447,10
448,23
449,19
450,24
451,18
452,14
453,10
454,13
455,16
456,14
457,11
458,11
459,22
460,13
461,14
462,12
463,14
464,13
465,4
466,29
467,23
468,11
469,9
470,9
471,12
472,15
473,20
474,15
475,24
476,10
477,16
478,13
479,12
480,16
481,23
482,17
483,12
484,13
485,14
486,27
487,21
488,11
489,10
490,21
491,12
492,21
493,23
494,13
495,11
496,8
497,25
498,24
499,9
500,12
501,19
502,13
503,15
504,3
505,17
506,19
507,10
508,15
509,26
510,30
511,14
512,10
513,12
514,24
515,20
516,12
517,14
518,12
519,11
520,10
521,25
522,25
523,10
524,14
525,14
526,12
527,18
528,20
529,17
530,23
531,17
532,12
533,17
534,14
535,12
536,19
537,19
538,11
539,19
540,17
541,32
542,10
543,25
544,30
545,22
546,21
547,18
548,14
549,10
550,23
551,20
552,9
553,20
554,10
555,13
556,27
557,12
558,23
559,22
560,11
561,13
562,14
563,17
564,13
565,16
566,13
567,15
568,13
569,18
570,24
571,14
572,11
573,27
574,20
575,24
576,5
577,11
578,15
579,18
580,19
581,13
582,7
583,20
584,8
585,21
586,11
587,26
588,20
589,17
590,23
591,18
592,13
593,25
594,18
595,19
596,33
597,18
598,9
599,17
600,15
601,13
602,23
603,18
604,18
605,19
606,21
607,17
608,17
609,17
610,18
611,12
612,17
613,16
614,16
615,16
616,25
617,17
618,8
619,10
620,18
621,10
622,16
623,12
624,14
625,19
626,12
627,15
628,22
629,18
630,25
631,11
632,19
633,10
634,9
635,29
636,25
637,11
638,14
639,9
640,25
641,25
642,24
643,25
644,16
645,22
646,10
647,18
648,16
649,28
650,30
651,8
652,8
653,13
654,21
655,20
656,32
657,24
658,21
659,15
660,15
661,16
662,10
663,13
664,13
665,8
666,29
667,18
668,21
669,18
670,12
671,10
672,19
673,13
674,16
675,13
676,13
677,16
678,20
679,20
680,16
681,24
682,18
683,8
684,12
685,12
686,19
687,28
688,16
689,13
690,13
691,17
692,10
693,16
694,22
695,24
696,20
697,26
698,19
699,12
700,13
701,11
702,15
703,15
704,8
705,14
706,15
707,13
708,22
709,27
710,12
711,24
712,14
713,29
714,24
715,27
716,10
717,13
718,13
719,13
720,15
721,13
722,12
723,18
724,11
725,20
726,17
727,13
728,21
729,34
730,13
731,9
732,25
733,32
734,26
735,17
736,23
737,25
738,17
739,24
740,29
741,21
742,20
743,29
744,23
745,11
746,22
747,8
748,18
749,18
