,hamming_distance
0,2
1,4
2,7
3,7
4,3
5,6
6,2
7,3
8,3
9,4
10,4
11,3
12,9
13,4
14,3
15,3
16,9
17,3
18,2
19,12
20,16
21,5
22,3
23,4
24,3
25,3
26,6
27,3
28,5
29,8
30,4
31,5
32,2
33,9
34,3
35,5
36,7
37,4
38,2
39,3
40,4
41,2
42,5
43,3
44,4
45,6
46,1
47,2
48,4
49,9
50,10
51,4
52,3
53,5
54,2
55,9
56,2
57,9
58,3
59,4
60,3
61,4
62,2
63,1
64,4
65,5
66,3
67,10
68,4
69,4
70,4
71,3
72,13
73,2
74,3
75,3
76,0
77,3
78,3
79,3
80,4
81,2
82,10
83,6
84,4
85,3
86,5
87,3
88,12
89,3
90,5
91,6
92,3
93,3
94,4
95,2
96,4
97,7
98,3
99,3
100,5
101,8
102,4
103,3
104,12
105,6
106,7
107,4
108,8
109,4
110,4
111,4
112,6
113,2
114,4
115,3
116,5
117,3
118,3
119,4
120,4
121,3
122,2
123,4
124,6
125,6
126,2
127,5
128,3
129,7
130,4
131,13
132,3
133,3
134,4
135,2
136,4
137,2
138,3
139,12
140,5
141,3
142,6
143,16
144,3
145,4
146,5
147,3
148,4
149,2
150,3
151,5
152,2
153,3
154,2
155,13
156,3
157,4
158,3
159,3
160,2
161,2
162,2
163,5
164,3
165,3
166,3
167,3
168,3
169,8
170,2
171,4
172,3
173,3
174,9
175,3
176,3
177,4
178,5
179,4
180,6
181,5
182,2
183,2
184,2
185,2
186,3
187,4
188,10
189,7
190,5
191,2
192,3
193,2
194,7
195,3
196,3
197,4
198,6
199,3
200,4
201,4
202,3
203,2
204,6
205,5
206,4
207,3
208,2
209,2
210,3
211,3
212,4
213,3
214,6
215,4
216,4
217,3
218,3
219,6
220,3
221,9
222,4
223,2
224,15
225,4
226,3
227,3
228,1
229,6
230,9
231,7
232,2
233,7
234,4
235,5
236,2
237,8
238,3
239,4
240,2
241,4
242,3
243,2
244,4
245,2
246,8
247,4
248,7
249,5
250,4
251,3
252,5
253,4
254,4
255,3
256,4
257,2
258,5
259,3
260,10
261,4
262,3
263,5
264,4
265,3
266,15
267,3
268,4
269,6
270,4
271,3
272,5
273,18
274,16
275,3
276,3
277,3
278,5
279,5
280,4
281,4
282,15
283,9
284,3
285,10
286,2
287,3
288,2
289,4
290,8
291,3
292,8
293,3
294,6
295,2
296,6
297,3
298,6
299,5
300,12
301,3
302,3
303,10
304,4
305,8
306,4
307,2
308,3
309,5
310,2
311,7
312,6
313,5
314,4
315,14
316,4
317,3
318,4
319,9
320,3
321,15
322,4
323,4
324,3
325,7
326,4
327,3
328,3
329,3
330,3
331,11
332,3
333,4
334,4
335,3
336,2
337,3
338,11
339,4
340,3
341,3
342,5
343,3
344,9
345,7
346,3
347,9
348,3
349,7
350,4
351,5
352,1
353,9
354,7
355,4
356,2
357,4
358,4
359,3
360,3
361,5
362,3
363,3
364,6
365,5
366,3
367,12
368,2
369,7
370,3
371,3
372,5
373,3
374,3
375,3
376,2
377,3
378,6
379,6
380,5
381,2
382,4
383,5
384,3
385,3
386,5
387,7
388,4
389,5
390,4
391,11
392,3
393,2
394,5
395,10
396,3
397,3
398,3
399,4
400,5
401,7
402,3
403,8
404,4
405,3
406,2
407,5
408,3
409,3
410,5
411,4
412,3
413,2
414,8
415,3
416,6
417,3
418,4
419,3
420,3
421,3
422,9
423,4
424,5
425,5
426,4
427,4
428,10
429,8
430,3
431,4
432,4
433,4
434,2
435,2
436,4
437,7
438,5
439,6
440,5
441,3
442,3
443,5
444,3
445,6
446,6
447,4
448,4
449,3
450,3
451,12
452,3
453,2
454,4
455,7
456,2
457,3
458,8
459,3
460,3
461,6
462,6
463,4
464,5
465,4
466,5
467,2
468,9
469,3
470,3
471,2
472,3
473,9
474,3
475,4
476,3
477,4
478,3
479,7
480,13
481,3
482,3
483,4
484,3
485,4
486,4
487,3
488,5
489,7
490,3
491,4
492,9
493,3
494,2
495,3
496,4
497,2
498,2
499,14
500,4
501,4
502,0
503,2
504,3
505,6
506,4
507,3
508,3
509,2
510,10
511,6
512,2
513,4
514,3
515,3
516,5
517,3
518,3
519,2
520,3
521,6
522,12
523,11
524,4
525,3
526,3
527,3
528,3
529,2
530,3
531,5
532,2
533,3
534,5
535,4
536,3
537,3
538,12
539,5
540,3
541,7
542,5
543,4
544,3
545,3
546,3
547,4
548,6
549,3
550,4
551,5
552,5
553,3
554,3
555,2
556,9
557,4
558,3
559,2
560,3
561,3
562,3
563,3
564,8
565,4
566,2
567,3
568,5
569,4
570,3
571,3
572,3
573,5
574,6
575,5
576,4
577,4
578,5
579,5
580,8
581,3
582,4
583,3
584,6
585,4
586,4
587,5
588,5
589,5
590,13
591,3
592,4
593,5
594,16
595,3
596,3
597,3
598,3
599,2
600,4
601,5
602,2
603,3
604,4
605,4
606,3
607,4
608,4
609,2
610,6
611,3
612,21
613,3
614,2
615,4
616,5
617,5
618,3
619,4
620,4
621,5
622,2
623,2
624,3
625,3
626,4
627,4
628,4
629,11
630,4
631,3
632,3
633,3
634,4
635,3
636,5
637,6
638,2
639,6
640,4
641,2
642,12
643,4
644,2
645,10
646,3
647,3
648,4
649,5
650,2
651,3
652,4
653,4
654,2
655,3
656,4
657,5
658,8
659,11
660,2
661,7
662,3
663,4
664,4
665,3
666,2
667,5
668,5
669,7
670,4
671,5
672,2
673,1
674,2
675,4
676,2
677,3
678,3
679,7
680,8
681,4
682,2
683,2
684,4
685,4
686,6
687,3
688,16
689,4
690,4
691,5
692,3
693,4
694,5
695,3
696,8
697,3
698,3
699,3
700,13
701,3
702,4
703,4
704,3
705,2
706,3
707,5
708,4
709,4
710,11
711,2
712,3
713,6
714,2
715,1
716,10
717,5
718,3
719,2
720,3
721,4
722,4
723,4
724,9
725,6
726,3
727,3
728,3
729,10
730,2
731,3
732,2
733,2
734,3
735,3
736,9
737,3
738,3
739,3
740,4
741,14
742,4
743,6
744,4
745,3
746,3
747,3
748,14
749,3
