[0.1, 0.2, 0.2, 0.95, 0.85, 64, -1, 0.5]
[0.30000000000000004, 0.2, 0.2, 0.95, 0.85, 64, -1, 0.5]
[0.5, 0.2, 0.2, 0.95, 0.85, 64, -1, 0.5]
[0.7000000000000001, 0.2, 0.2, 0.95, 0.85, 64, -1, 0.5]
[0.9, 0.2, 0.2, 0.95, 0.85, 64, -1, 0.5]
[0.1, 0.2, 0.2, 0.95, 0.85, 256, -1, 0.5]
[0.30000000000000004, 0.2, 0.2, 0.95, 0.85, 256, -1, 0.5]
[0.5, 0.2, 0.2, 0.95, 0.85, 256, -1, 0.5]
[0.7000000000000001, 0.2, 0.2, 0.95, 0.85, 256, -1, 0.5]
[0.9, 0.2, 0.2, 0.95, 0.85, 256, -1, 0.5]
[0.1, 0.2, 0.2, 0.95, 0.85, 576, -1, 0.5]
[0.30000000000000004, 0.2, 0.2, 0.95, 0.85, 576, -1, 0.5]
[0.5, 0.2, 0.2, 0.95, 0.85, 576, -1, 0.5]
[0.7000000000000001, 0.2, 0.2, 0.95, 0.85, 576, -1, 0.5]
[0.9, 0.2, 0.2, 0.95, 0.85, 576, -1, 0.5]
[0.1, 0.2, 0.2, 0.95, 0.85, 128, -1, 0.5]
[0.30000000000000004, 0.2, 0.2, 0.95, 0.85, 128, 0, 0.680375]
[0.5, 0.2, 0.2, 0.95, 0.85, 128, 3, 0.80225]
[0.7000000000000001, 0.2, 0.2, 0.95, 0.85, 128, 0, 0.54925]
[0.9, 0.2, 0.2, 0.95, 0.85, 128, -1, 0.5]
[0.1, 0.2, 0.2, 0.95, 0.85, 512, 0, 0.755375]
[0.30000000000000004, 0.2, 0.2, 0.95, 0.85, 512, 14, 0.678125]
[0.5, 0.2, 0.2, 0.95, 0.85, 512, 31, 0.683625]
[0.7000000000000001, 0.2, 0.2, 0.95, 0.85, 512, 16, 0.548125]
[0.9, 0.2, 0.2, 0.95, 0.85, 512, -1, 0.5]
[0.1, 0.2, 0.2, 0.95, 0.85, 1152, 4, 0.59825]
[0.30000000000000004, 0.2, 0.2, 0.95, 0.85, 1152, 39, 0.62525]
[0.5, 0.2, 0.2, 0.95, 0.85, 1152, 94, 0.662375]
[0.7000000000000001, 0.2, 0.2, 0.95, 0.85, 1152, 43, 0.528625]
[0.9, 0.2, 0.2, 0.95, 0.85, 1152, 135, 0.5]
[0.1, 0.2, 0.2, 0.95, 0.85, 256, -1, 0.5]
[0.30000000000000004, 0.2, 0.2, 0.95, 0.85, 256, 2, 0.808125]
[0.5, 0.2, 0.2, 0.95, 0.85, 256, 10, 0.899375]
[0.7000000000000001, 0.2, 0.2, 0.95, 0.85, 256, 11, 0.9035]
[0.9, 0.2, 0.2, 0.95, 0.85, 256, 1, 0.703125]
[0.1, 0.2, 0.2, 0.95, 0.85, 1024, 5, 0.593875]
[0.30000000000000004, 0.2, 0.2, 0.95, 0.85, 1024, 20, 0.556625]
[0.5, 0.2, 0.2, 0.95, 0.85, 1024, 79, 0.867625]
[0.7000000000000001, 0.2, 0.2, 0.95, 0.85, 1024, 82, 0.86775]
[0.9, 0.2, 0.2, 0.95, 0.85, 1024, 22, 0.64925]
[0.1, 0.2, 0.2, 0.95, 0.85, 2304, 28, 0.727]
[0.30000000000000004, 0.2, 0.2, 0.95, 0.85, 2304, 132, 0.67975]
[0.5, 0.2, 0.2, 0.95, 0.85, 2304, 216, 0.77175]
[0.7000000000000001, 0.2, 0.2, 0.95, 0.85, 2304, 216, 0.793125]
[0.9, 0.2, 0.2, 0.95, 0.85, 2304, 71, 0.657625]
[0.1, 0.2, 0.2, 0.95, 0.85, 512, 0, 0.50025]
[0.30000000000000004, 0.2, 0.2, 0.95, 0.85, 512, 3, 0.766125]
[0.5, 0.2, 0.2, 0.95, 0.85, 512, 25, 0.95675]
[0.7000000000000001, 0.2, 0.2, 0.95, 0.85, 512, 35, 0.98225]
[0.9, 0.2, 0.2, 0.95, 0.85, 512, 9, 0.908375]
[0.1, 0.2, 0.2, 0.95, 0.85, 2048, 0, 0.501875]
[0.30000000000000004, 0.2, 0.2, 0.95, 0.85, 2048, 66, 0.816375]
[0.5, 0.2, 0.2, 0.95, 0.85, 2048, 168, 0.9085]
[0.7000000000000001, 0.2, 0.2, 0.95, 0.85, 2048, 194, 0.950875]
[0.9, 0.2, 0.2, 0.95, 0.85, 2048, 80, 0.86375]
[0.1, 0.2, 0.2, 0.95, 0.85, 4608, 19, 0.500125]
[0.30000000000000004, 0.2, 0.2, 0.95, 0.85, 4608, 246, 0.676875]
[0.5, 0.2, 0.2, 0.95, 0.85, 4608, 444, 0.864125]
[0.7000000000000001, 0.2, 0.2, 0.95, 0.85, 4608, 486, 0.933375]
[0.9, 0.2, 0.2, 0.95, 0.85, 4608, 213, 0.875125]
[0.1, 0.2, 0.2, 0.95, 0.85, 512, 0, 0.51875]
[0.30000000000000004, 0.2, 0.2, 0.95, 0.85, 512, 0, 0.51875]
[0.5, 0.2, 0.2, 0.95, 0.85, 512, 0, 0.51875]
[0.7000000000000001, 0.2, 0.2, 0.95, 0.85, 512, 0, 0.51875]
[0.9, 0.2, 0.2, 0.95, 0.85, 512, 1, 0.78875]
[0.1, 0.2, 0.2, 0.95, 0.85, 2048, 3, 0.536125]
[0.30000000000000004, 0.2, 0.2, 0.95, 0.85, 2048, 3, 0.536125]
[0.5, 0.2, 0.2, 0.95, 0.85, 2048, 3, 0.536125]
[0.7000000000000001, 0.2, 0.2, 0.95, 0.85, 2048, 3, 0.536125]
[0.9, 0.2, 0.2, 0.95, 0.85, 2048, 4, 0.575]
[0.1, 0.2, 0.2, 0.95, 0.85, 4608, 6, 0.53325]
[0.30000000000000004, 0.2, 0.2, 0.95, 0.85, 4608, 6, 0.53325]
[0.5, 0.2, 0.2, 0.95, 0.85, 4608, 6, 0.53325]
[0.7000000000000001, 0.2, 0.2, 0.95, 0.85, 4608, 6, 0.53325]
[0.9, 0.2, 0.2, 0.95, 0.85, 4608, 6, 0.53325]
[0.1, 0.2, 0.2, 0.95, 0.85, 4096, 4, 0.732375]
[0.30000000000000004, 0.2, 0.2, 0.95, 0.85, 4096, 4, 0.732375]
[0.5, 0.2, 0.2, 0.95, 0.85, 4096, 4, 0.732375]
[0.7000000000000001, 0.2, 0.2, 0.95, 0.85, 4096, 4, 0.732375]
[0.9, 0.2, 0.2, 0.95, 0.85, 4096, 4, 0.732375]
[0.1, 0.2, 0.2, 0.95, 0.85, 4096, 115, 0.861875]
[0.30000000000000004, 0.2, 0.2, 0.95, 0.85, 4096, 115, 0.861875]
[0.5, 0.2, 0.2, 0.95, 0.85, 4096, 115, 0.861875]
[0.7000000000000001, 0.2, 0.2, 0.95, 0.85, 4096, 115, 0.861875]
[0.9, 0.2, 0.2, 0.95, 0.85, 4096, 27, 0.838]
