[0.1, 0.2, 0.2, 0.95, 0.85, 64, -1, 0.5]
[0.30000000000000004, 0.2, 0.2, 0.95, 0.85, 64, -1, 0.5]
[0.5, 0.2, 0.2, 0.95, 0.85, 64, -1, 0.5]
[0.7000000000000001, 0.2, 0.2, 0.95, 0.85, 64, -1, 0.5]
[0.9, 0.2, 0.2, 0.95, 0.85, 64, -1, 0.5]
[0.1, 0.2, 0.2, 0.95, 0.85, 256, -1, 0.5]
[0.30000000000000004, 0.2, 0.2, 0.95, 0.85, 256, -1, 0.5]
[0.5, 0.2, 0.2, 0.95, 0.85, 256, -1, 0.5]
[0.7000000000000001, 0.2, 0.2, 0.95, 0.85, 256, 0, 0.78175]
[0.9, 0.2, 0.2, 0.95, 0.85, 256, 0, 0.7125]
[0.1, 0.2, 0.2, 0.95, 0.85, 576, 1, 0.501125]
[0.30000000000000004, 0.2, 0.2, 0.95, 0.85, 576, 0, 0.633125]
[0.5, 0.2, 0.2, 0.95, 0.85, 576, 1, 0.523875]
[0.7000000000000001, 0.2, 0.2, 0.95, 0.85, 576, 3, 0.8145]
[0.9, 0.2, 0.2, 0.95, 0.85, 576, 4, 0.836625]
[0.1, 0.2, 0.2, 0.95, 0.85, 128, 0, 0.63925]
[0.30000000000000004, 0.2, 0.2, 0.95, 0.85, 128, 0, 0.952125]
[0.5, 0.2, 0.2, 0.95, 0.85, 128, 2, 0.99175]
[0.7000000000000001, 0.2, 0.2, 0.95, 0.85, 128, 1, 0.959375]
[0.9, 0.2, 0.2, 0.95, 0.85, 128, 0, 0.892375]
[0.1, 0.2, 0.2, 0.95, 0.85, 512, 1, 0.907625]
[0.30000000000000004, 0.2, 0.2, 0.95, 0.85, 512, 10, 0.949125]
[0.5, 0.2, 0.2, 0.95, 0.85, 512, 16, 0.9655]
[0.7000000000000001, 0.2, 0.2, 0.95, 0.85, 512, 18, 0.9605]
[0.9, 0.2, 0.2, 0.95, 0.85, 512, 7, 0.83425]
[0.1, 0.2, 0.2, 0.95, 0.85, 1152, 8, 0.815]
[0.30000000000000004, 0.2, 0.2, 0.95, 0.85, 1152, 36, 0.949375]
[0.5, 0.2, 0.2, 0.95, 0.85, 1152, 53, 0.941375]
[0.7000000000000001, 0.2, 0.2, 0.95, 0.85, 1152, 56, 0.935125]
[0.9, 0.2, 0.2, 0.95, 0.85, 1152, 27, 0.838375]
[0.1, 0.2, 0.2, 0.95, 0.85, 256, 0, 0.948125]
[0.30000000000000004, 0.2, 0.2, 0.95, 0.85, 256, 6, 0.948125]
[0.5, 0.2, 0.2, 0.95, 0.85, 256, 9, 0.956875]
[0.7000000000000001, 0.2, 0.2, 0.95, 0.85, 256, 6, 0.90125]
[0.9, 0.2, 0.2, 0.95, 0.85, 256, 3, 0.88425]
[0.1, 0.2, 0.2, 0.95, 0.85, 1024, 6, 0.594875]
[0.30000000000000004, 0.2, 0.2, 0.95, 0.85, 1024, 49, 0.809]
[0.5, 0.2, 0.2, 0.95, 0.85, 1024, 58, 0.83425]
[0.7000000000000001, 0.2, 0.2, 0.95, 0.85, 1024, 47, 0.82525]
[0.9, 0.2, 0.2, 0.95, 0.85, 1024, 28, 0.839125]
[0.1, 0.2, 0.2, 0.95, 0.85, 2304, 31, 0.5495]
[0.30000000000000004, 0.2, 0.2, 0.95, 0.85, 2304, 131, 0.642875]
[0.5, 0.2, 0.2, 0.95, 0.85, 2304, 200, 0.744875]
[0.7000000000000001, 0.2, 0.2, 0.95, 0.85, 2304, 151, 0.701]
[0.9, 0.2, 0.2, 0.95, 0.85, 2304, 72, 0.7845]
[0.1, 0.2, 0.2, 0.95, 0.85, 256, -1, 0.5]
[0.30000000000000004, 0.2, 0.2, 0.95, 0.85, 256, 0, 0.601875]
[0.5, 0.2, 0.2, 0.95, 0.85, 256, 5, 0.883125]
[0.7000000000000001, 0.2, 0.2, 0.95, 0.85, 256, 4, 0.806875]
[0.9, 0.2, 0.2, 0.95, 0.85, 256, 1, 0.74225]
[0.1, 0.2, 0.2, 0.95, 0.85, 1024, 5, 0.61025]
[0.30000000000000004, 0.2, 0.2, 0.95, 0.85, 1024, 39, 0.566125]
[0.5, 0.2, 0.2, 0.95, 0.85, 1024, 48, 0.71375]
[0.7000000000000001, 0.2, 0.2, 0.95, 0.85, 1024, 51, 0.785125]
[0.9, 0.2, 0.2, 0.95, 0.85, 1024, 24, 0.76225]
[0.1, 0.2, 0.2, 0.95, 0.85, 2304, 28, 0.72725]
[0.30000000000000004, 0.2, 0.2, 0.95, 0.85, 2304, 132, 0.660875]
[0.5, 0.2, 0.2, 0.95, 0.85, 2304, 187, 0.69425]
[0.7000000000000001, 0.2, 0.2, 0.95, 0.85, 2304, 175, 0.747]
[0.9, 0.2, 0.2, 0.95, 0.85, 2304, 70, 0.701125]
[0.1, 0.2, 0.2, 0.95, 0.85, 512, 0, 0.716]
[0.30000000000000004, 0.2, 0.2, 0.95, 0.85, 512, 12, 0.905125]
[0.5, 0.2, 0.2, 0.95, 0.85, 512, 24, 0.948125]
[0.7000000000000001, 0.2, 0.2, 0.95, 0.85, 512, 25, 0.8945]
[0.9, 0.2, 0.2, 0.95, 0.85, 512, 8, 0.760875]
[0.1, 0.2, 0.2, 0.95, 0.85, 2048, 15, 0.745875]
[0.30000000000000004, 0.2, 0.2, 0.95, 0.85, 2048, 115, 0.9355]
[0.5, 0.2, 0.2, 0.95, 0.85, 2048, 172, 0.886625]
[0.7000000000000001, 0.2, 0.2, 0.95, 0.85, 2048, 160, 0.836375]
[0.9, 0.2, 0.2, 0.95, 0.85, 2048, 64, 0.7285]
[0.1, 0.2, 0.2, 0.95, 0.85, 4608, 80, 0.520625]
[0.30000000000000004, 0.2, 0.2, 0.95, 0.85, 4608, 320, 0.871875]
[0.5, 0.2, 0.2, 0.95, 0.85, 4608, 492, 0.870125]
[0.7000000000000001, 0.2, 0.2, 0.95, 0.85, 4608, 424, 0.825375]
[0.9, 0.2, 0.2, 0.95, 0.85, 4608, 192, 0.743625]
[0.1, 0.2, 0.2, 0.95, 0.85, 512, -1, 0.5]
[0.30000000000000004, 0.2, 0.2, 0.95, 0.85, 512, 9, 0.956875]
[0.5, 0.2, 0.2, 0.95, 0.85, 512, 23, 0.954125]
[0.7000000000000001, 0.2, 0.2, 0.95, 0.85, 512, 25, 0.9205]
[0.9, 0.2, 0.2, 0.95, 0.85, 512, 17, 0.937625]
[0.1, 0.2, 0.2, 0.95, 0.85, 2048, 33, 0.572875]
[0.30000000000000004, 0.2, 0.2, 0.95, 0.85, 2048, 83, 0.85975]
[0.5, 0.2, 0.2, 0.95, 0.85, 2048, 141, 0.907125]
[0.7000000000000001, 0.2, 0.2, 0.95, 0.85, 2048, 158, 0.948]
[0.9, 0.2, 0.2, 0.95, 0.85, 2048, 92, 0.95325]
[0.1, 0.2, 0.2, 0.95, 0.85, 4608, 212, 0.535625]
[0.30000000000000004, 0.2, 0.2, 0.95, 0.85, 4608, 212, 0.535625]
[0.5, 0.2, 0.2, 0.95, 0.85, 4608, 387, 0.8335]
[0.7000000000000001, 0.2, 0.2, 0.95, 0.85, 4608, 361, 0.865125]
[0.9, 0.2, 0.2, 0.95, 0.85, 4608, 203, 0.921625]
[0.1, 0.2, 0.2, 0.95, 0.85, 512, 0, 0.51875]
[0.30000000000000004, 0.2, 0.2, 0.95, 0.85, 512, 0, 0.51875]
[0.5, 0.2, 0.2, 0.95, 0.85, 512, 0, 0.51875]
[0.7000000000000001, 0.2, 0.2, 0.95, 0.85, 512, 0, 0.51875]
[0.9, 0.2, 0.2, 0.95, 0.85, 512, 1, 0.784125]
[0.1, 0.2, 0.2, 0.95, 0.85, 2048, 3, 0.536125]
[0.30000000000000004, 0.2, 0.2, 0.95, 0.85, 2048, 3, 0.536125]
[0.5, 0.2, 0.2, 0.95, 0.85, 2048, 3, 0.536125]
[0.7000000000000001, 0.2, 0.2, 0.95, 0.85, 2048, 3, 0.536125]
[0.9, 0.2, 0.2, 0.95, 0.85, 2048, 4, 0.578125]
[0.1, 0.2, 0.2, 0.95, 0.85, 4608, 6, 0.53325]
[0.30000000000000004, 0.2, 0.2, 0.95, 0.85, 4608, 6, 0.53325]
[0.5, 0.2, 0.2, 0.95, 0.85, 4608, 6, 0.53325]
[0.7000000000000001, 0.2, 0.2, 0.95, 0.85, 4608, 6, 0.53325]
[0.9, 0.2, 0.2, 0.95, 0.85, 4608, 6, 0.53325]
[0.1, 0.2, 0.2, 0.95, 0.85, 4096, 4, 0.732375]
[0.30000000000000004, 0.2, 0.2, 0.95, 0.85, 4096, 4, 0.732375]
[0.5, 0.2, 0.2, 0.95, 0.85, 4096, 4, 0.732375]
[0.7000000000000001, 0.2, 0.2, 0.95, 0.85, 4096, 4, 0.732375]
[0.9, 0.2, 0.2, 0.95, 0.85, 4096, 4, 0.732375]
[0.1, 0.2, 0.2, 0.95, 0.85, 4096, 115, 0.861875]
[0.30000000000000004, 0.2, 0.2, 0.95, 0.85, 4096, 115, 0.861875]
[0.5, 0.2, 0.2, 0.95, 0.85, 4096, 115, 0.861875]
[0.7000000000000001, 0.2, 0.2, 0.95, 0.85, 4096, 115, 0.861875]
[0.9, 0.2, 0.2, 0.95, 0.85, 4096, 27, 0.838]
