[0.1, 0.2, 0.2, 0.95, 0.85, 64, -1, 0.5]
[0.30000000000000004, 0.2, 0.2, 0.95, 0.85, 64, 0, 0.508375]
[0.5, 0.2, 0.2, 0.95, 0.85, 64, 0, 0.8225]
[0.7000000000000001, 0.2, 0.2, 0.95, 0.85, 64, -1, 0.5]
[0.9, 0.2, 0.2, 0.95, 0.85, 64, -1, 0.5]
[0.1, 0.2, 0.2, 0.95, 0.85, 256, -1, 0.5]
[0.30000000000000004, 0.2, 0.2, 0.95, 0.85, 256, -1, 0.5]
[0.5, 0.2, 0.2, 0.95, 0.85, 256, 0, 0.889375]
[0.7000000000000001, 0.2, 0.2, 0.95, 0.85, 256, -1, 0.5]
[0.9, 0.2, 0.2, 0.95, 0.85, 256, 0, 0.72125]
[0.1, 0.2, 0.2, 0.95, 0.85, 576, -1, 0.5]
[0.30000000000000004, 0.2, 0.2, 0.95, 0.85, 576, -1, 0.5]
[0.5, 0.2, 0.2, 0.95, 0.85, 576, 1, 0.7385]
[0.7000000000000001, 0.2, 0.2, 0.95, 0.85, 576, -1, 0.5]
[0.9, 0.2, 0.2, 0.95, 0.85, 576, 0, 0.662875]
[0.1, 0.2, 0.2, 0.95, 0.85, 128, -1, 0.5]
[0.30000000000000004, 0.2, 0.2, 0.95, 0.85, 128, -1, 0.5]
[0.5, 0.2, 0.2, 0.95, 0.85, 128, -1, 0.5]
[0.7000000000000001, 0.2, 0.2, 0.95, 0.85, 128, -1, 0.5]
[0.9, 0.2, 0.2, 0.95, 0.85, 128, -1, 0.5]
[0.1, 0.2, 0.2, 0.95, 0.85, 512, -1, 0.5]
[0.30000000000000004, 0.2, 0.2, 0.95, 0.85, 512, 0, 0.554125]
[0.5, 0.2, 0.2, 0.95, 0.85, 512, 1, 0.569375]
[0.7000000000000001, 0.2, 0.2, 0.95, 0.85, 512, 1, 0.606875]
[0.9, 0.2, 0.2, 0.95, 0.85, 512, 0, 0.64225]
[0.1, 0.2, 0.2, 0.95, 0.85, 1152, 0, 0.50425]
[0.30000000000000004, 0.2, 0.2, 0.95, 0.85, 1152, 3, 0.513125]
[0.5, 0.2, 0.2, 0.95, 0.85, 1152, 1, 0.505375]
[0.7000000000000001, 0.2, 0.2, 0.95, 0.85, 1152, 5, 0.561125]
[0.9, 0.2, 0.2, 0.95, 0.85, 1152, 3, 0.601625]
[0.1, 0.2, 0.2, 0.95, 0.85, 256, 0, 0.954625]
[0.30000000000000004, 0.2, 0.2, 0.95, 0.85, 256, 7, 0.966]
[0.5, 0.2, 0.2, 0.95, 0.85, 256, 5, 0.880375]
[0.7000000000000001, 0.2, 0.2, 0.95, 0.85, 256, 6, 0.942125]
[0.9, 0.2, 0.2, 0.95, 0.85, 256, 1, 0.82225]
[0.1, 0.2, 0.2, 0.95, 0.85, 1024, 7, 0.8955]
[0.30000000000000004, 0.2, 0.2, 0.95, 0.85, 1024, 49, 0.851875]
[0.5, 0.2, 0.2, 0.95, 0.85, 1024, 42, 0.671125]
[0.7000000000000001, 0.2, 0.2, 0.95, 0.85, 1024, 45, 0.832125]
[0.9, 0.2, 0.2, 0.95, 0.85, 1024, 21, 0.78875]
[0.1, 0.2, 0.2, 0.95, 0.85, 2304, 11, 0.519375]
[0.30000000000000004, 0.2, 0.2, 0.95, 0.85, 2304, 115, 0.59425]
[0.5, 0.2, 0.2, 0.95, 0.85, 2304, 118, 0.54775]
[0.7000000000000001, 0.2, 0.2, 0.95, 0.85, 2304, 106, 0.65525]
[0.9, 0.2, 0.2, 0.95, 0.85, 2304, 56, 0.740125]
[0.1, 0.2, 0.2, 0.95, 0.85, 256, 0, 0.781875]
[0.30000000000000004, 0.2, 0.2, 0.95, 0.85, 256, 17, 0.999875]
[0.5, 0.2, 0.2, 0.95, 0.85, 256, 26, 1.0]
[0.7000000000000001, 0.2, 0.2, 0.95, 0.85, 256, 23, 0.99975]
[0.9, 0.2, 0.2, 0.95, 0.85, 256, 7, 0.97975]
[0.1, 0.2, 0.2, 0.95, 0.85, 1024, 2, 0.60675]
[0.30000000000000004, 0.2, 0.2, 0.95, 0.85, 1024, 69, 0.99225]
[0.5, 0.2, 0.2, 0.95, 0.85, 1024, 137, 1.0]
[0.7000000000000001, 0.2, 0.2, 0.95, 0.85, 1024, 134, 0.99975]
[0.9, 0.2, 0.2, 0.95, 0.85, 1024, 47, 0.965375]
[0.1, 0.2, 0.2, 0.95, 0.85, 2304, 4, 0.501]
[0.30000000000000004, 0.2, 0.2, 0.95, 0.85, 2304, 135, 0.787]
[0.5, 0.2, 0.2, 0.95, 0.85, 2304, 346, 0.999875]
[0.7000000000000001, 0.2, 0.2, 0.95, 0.85, 2304, 331, 0.999875]
[0.9, 0.2, 0.2, 0.95, 0.85, 2304, 129, 0.959625]
[0.1, 0.2, 0.2, 0.95, 0.85, 512, 1, 0.993]
[0.30000000000000004, 0.2, 0.2, 0.95, 0.85, 512, 38, 0.99975]
[0.5, 0.2, 0.2, 0.95, 0.85, 512, 39, 0.996875]
[0.7000000000000001, 0.2, 0.2, 0.95, 0.85, 512, 45, 0.997625]
[0.9, 0.2, 0.2, 0.95, 0.85, 512, 22, 0.978625]
[0.1, 0.2, 0.2, 0.95, 0.85, 2048, 10, 0.634375]
[0.30000000000000004, 0.2, 0.2, 0.95, 0.85, 2048, 244, 0.999625]
[0.5, 0.2, 0.2, 0.95, 0.85, 2048, 266, 0.99825]
[0.7000000000000001, 0.2, 0.2, 0.95, 0.85, 2048, 239, 0.99425]
[0.9, 0.2, 0.2, 0.95, 0.85, 2048, 114, 0.972625]
[0.1, 0.2, 0.2, 0.95, 0.85, 4608, 76, 0.518375]
[0.30000000000000004, 0.2, 0.2, 0.95, 0.85, 4608, 510, 0.997875]
[0.5, 0.2, 0.2, 0.95, 0.85, 4608, 714, 0.998875]
[0.7000000000000001, 0.2, 0.2, 0.95, 0.85, 4608, 595, 0.990625]
[0.9, 0.2, 0.2, 0.95, 0.85, 4608, 262, 0.944625]
[0.1, 0.2, 0.2, 0.95, 0.85, 512, -1, 0.5]
[0.30000000000000004, 0.2, 0.2, 0.95, 0.85, 512, 20, 0.997625]
[0.5, 0.2, 0.2, 0.95, 0.85, 512, 30, 0.992125]
[0.7000000000000001, 0.2, 0.2, 0.95, 0.85, 512, 41, 0.99575]
[0.9, 0.2, 0.2, 0.95, 0.85, 512, 18, 0.961]
[0.1, 0.2, 0.2, 0.95, 0.85, 2048, 33, 0.59875]
[0.30000000000000004, 0.2, 0.2, 0.95, 0.85, 2048, 85, 0.892125]
[0.5, 0.2, 0.2, 0.95, 0.85, 2048, 138, 0.909875]
[0.7000000000000001, 0.2, 0.2, 0.95, 0.85, 2048, 186, 0.9875]
[0.9, 0.2, 0.2, 0.95, 0.85, 2048, 94, 0.96675]
[0.1, 0.2, 0.2, 0.95, 0.85, 4608, 206, 0.54125]
[0.30000000000000004, 0.2, 0.2, 0.95, 0.85, 4608, 206, 0.54125]
[0.5, 0.2, 0.2, 0.95, 0.85, 4608, 269, 0.58675]
[0.7000000000000001, 0.2, 0.2, 0.95, 0.85, 4608, 352, 0.869]
[0.9, 0.2, 0.2, 0.95, 0.85, 4608, 228, 0.972125]
[0.1, 0.2, 0.2, 0.95, 0.85, 512, -1, 0.5]
[0.30000000000000004, 0.2, 0.2, 0.95, 0.85, 512, -1, 0.5]
[0.5, 0.2, 0.2, 0.95, 0.85, 512, -1, 0.5]
[0.7000000000000001, 0.2, 0.2, 0.95, 0.85, 512, -1, 0.5]
[0.9, 0.2, 0.2, 0.95, 0.85, 512, 1, 0.8505]
[0.1, 0.2, 0.2, 0.95, 0.85, 2048, 1, 0.511375]
[0.30000000000000004, 0.2, 0.2, 0.95, 0.85, 2048, 1, 0.511375]
[0.5, 0.2, 0.2, 0.95, 0.85, 2048, 1, 0.511375]
[0.7000000000000001, 0.2, 0.2, 0.95, 0.85, 2048, 1, 0.511375]
[0.9, 0.2, 0.2, 0.95, 0.85, 2048, 1, 0.528875]
[0.1, 0.2, 0.2, 0.95, 0.85, 4608, 1, 0.50325]
[0.30000000000000004, 0.2, 0.2, 0.95, 0.85, 4608, 1, 0.50325]
[0.5, 0.2, 0.2, 0.95, 0.85, 4608, 1, 0.50325]
[0.7000000000000001, 0.2, 0.2, 0.95, 0.85, 4608, 1, 0.50325]
[0.9, 0.2, 0.2, 0.95, 0.85, 4608, 1, 0.50325]
[0.1, 0.2, 0.2, 0.95, 0.85, 4096, 15, 0.96]
[0.30000000000000004, 0.2, 0.2, 0.95, 0.85, 4096, 15, 0.96]
[0.5, 0.2, 0.2, 0.95, 0.85, 4096, 15, 0.96]
[0.7000000000000001, 0.2, 0.2, 0.95, 0.85, 4096, 15, 0.96]
[0.9, 0.2, 0.2, 0.95, 0.85, 4096, 15, 0.96]
[0.1, 0.2, 0.2, 0.95, 0.85, 4096, 50, 0.758625]
[0.30000000000000004, 0.2, 0.2, 0.95, 0.85, 4096, 50, 0.758625]
[0.5, 0.2, 0.2, 0.95, 0.85, 4096, 50, 0.758625]
[0.7000000000000001, 0.2, 0.2, 0.95, 0.85, 4096, 50, 0.758625]
[0.9, 0.2, 0.2, 0.95, 0.85, 4096, 6, 0.59425]

