[0.1, 0.2, 0.2, 0.95, 0.85, 64, 0, 0.527875]
[0.30000000000000004, 0.2, 0.2, 0.95, 0.85, 64, 0, 0.533625]
[0.5, 0.2, 0.2, 0.95, 0.85, 64, 0, 0.519]
[0.7000000000000001, 0.2, 0.2, 0.95, 0.85, 64, 0, 0.512375]
[0.9, 0.2, 0.2, 0.95, 0.85, 64, 0, 0.506125]
[0.1, 0.2, 0.2, 0.95, 0.85, 256, -1, 0.5]
[0.30000000000000004, 0.2, 0.2, 0.95, 0.85, 256, 0, 0.732875]
[0.5, 0.2, 0.2, 0.95, 0.85, 256, 0, 0.5535]
[0.7000000000000001, 0.2, 0.2, 0.95, 0.85, 256, 0, 0.531375]
[0.9, 0.2, 0.2, 0.95, 0.85, 256, 0, 0.558125]
[0.1, 0.2, 0.2, 0.95, 0.85, 576, 0, 0.519875]
[0.30000000000000004, 0.2, 0.2, 0.95, 0.85, 576, 4, 0.60725]
[0.5, 0.2, 0.2, 0.95, 0.85, 576, 1, 0.569]
[0.7000000000000001, 0.2, 0.2, 0.95, 0.85, 576, 0, 0.534625]
[0.9, 0.2, 0.2, 0.95, 0.85, 576, 3, 0.54625]
[0.1, 0.2, 0.2, 0.95, 0.85, 128, 0, 0.5175]
[0.30000000000000004, 0.2, 0.2, 0.95, 0.85, 128, 0, 0.5945]
[0.5, 0.2, 0.2, 0.95, 0.85, 128, 0, 0.638375]
[0.7000000000000001, 0.2, 0.2, 0.95, 0.85, 128, 0, 0.573625]
[0.9, 0.2, 0.2, 0.95, 0.85, 128, 0, 0.554625]
[0.1, 0.2, 0.2, 0.95, 0.85, 512, 1, 0.774375]
[0.30000000000000004, 0.2, 0.2, 0.95, 0.85, 512, 5, 0.670375]
[0.5, 0.2, 0.2, 0.95, 0.85, 512, 6, 0.629875]
[0.7000000000000001, 0.2, 0.2, 0.95, 0.85, 512, 6, 0.5765]
[0.9, 0.2, 0.2, 0.95, 0.85, 512, 5, 0.531375]
[0.1, 0.2, 0.2, 0.95, 0.85, 1152, 4, 0.640125]
[0.30000000000000004, 0.2, 0.2, 0.95, 0.85, 1152, 22, 0.67875]
[0.5, 0.2, 0.2, 0.95, 0.85, 1152, 27, 0.61225]
[0.7000000000000001, 0.2, 0.2, 0.95, 0.85, 1152, 29, 0.571875]
[0.9, 0.2, 0.2, 0.95, 0.85, 1152, 27, 0.532875]
[0.1, 0.2, 0.2, 0.95, 0.85, 256, 0, 0.544625]
[0.30000000000000004, 0.2, 0.2, 0.95, 0.85, 256, 4, 0.695125]
[0.5, 0.2, 0.2, 0.95, 0.85, 256, 4, 0.705125]
[0.7000000000000001, 0.2, 0.2, 0.95, 0.85, 256, 3, 0.662625]
[0.9, 0.2, 0.2, 0.95, 0.85, 256, 1, 0.589625]
[0.1, 0.2, 0.2, 0.95, 0.85, 1024, 5, 0.53175]
[0.30000000000000004, 0.2, 0.2, 0.95, 0.85, 1024, 51, 0.66825]
[0.5, 0.2, 0.2, 0.95, 0.85, 1024, 58, 0.69775]
[0.7000000000000001, 0.2, 0.2, 0.95, 0.85, 1024, 46, 0.658375]
[0.9, 0.2, 0.2, 0.95, 0.85, 1024, 25, 0.57525]
[0.1, 0.2, 0.2, 0.95, 0.85, 2304, 6, 0.500375]
[0.30000000000000004, 0.2, 0.2, 0.95, 0.85, 2304, 158, 0.6]
[0.5, 0.2, 0.2, 0.95, 0.85, 2304, 197, 0.68375]
[0.7000000000000001, 0.2, 0.2, 0.95, 0.85, 2304, 167, 0.652625]
[0.9, 0.2, 0.2, 0.95, 0.85, 2304, 79, 0.571625]
[0.1, 0.2, 0.2, 0.95, 0.85, 256, 2, 0.50025]
[0.30000000000000004, 0.2, 0.2, 0.95, 0.85, 256, 2, 0.557375]
[0.5, 0.2, 0.2, 0.95, 0.85, 256, 4, 0.614375]
[0.7000000000000001, 0.2, 0.2, 0.95, 0.85, 256, 3, 0.6055]
[0.9, 0.2, 0.2, 0.95, 0.85, 256, 2, 0.638]
[0.1, 0.2, 0.2, 0.95, 0.85, 1024, -1, 0.5]
[0.30000000000000004, 0.2, 0.2, 0.95, 0.85, 1024, 41, 0.52775]
[0.5, 0.2, 0.2, 0.95, 0.85, 1024, 54, 0.613625]
[0.7000000000000001, 0.2, 0.2, 0.95, 0.85, 1024, 51, 0.60625]
[0.9, 0.2, 0.2, 0.95, 0.85, 1024, 32, 0.610375]
[0.1, 0.2, 0.2, 0.95, 0.85, 2304, 7, 0.501625]
[0.30000000000000004, 0.2, 0.2, 0.95, 0.85, 2304, 166, 0.511625]
[0.5, 0.2, 0.2, 0.95, 0.85, 2304, 187, 0.60875]
[0.7000000000000001, 0.2, 0.2, 0.95, 0.85, 2304, 171, 0.615]
[0.9, 0.2, 0.2, 0.95, 0.85, 2304, 95, 0.599375]
[0.1, 0.2, 0.2, 0.95, 0.85, 512, 0, 0.540125]
[0.30000000000000004, 0.2, 0.2, 0.95, 0.85, 512, 9, 0.637875]
[0.5, 0.2, 0.2, 0.95, 0.85, 512, 16, 0.651625]
[0.7000000000000001, 0.2, 0.2, 0.95, 0.85, 512, 21, 0.61425]
[0.9, 0.2, 0.2, 0.95, 0.85, 512, 10, 0.606125]
[0.1, 0.2, 0.2, 0.95, 0.85, 2048, 19, 0.5495]
[0.30000000000000004, 0.2, 0.2, 0.95, 0.85, 2048, 87, 0.621375]
[0.5, 0.2, 0.2, 0.95, 0.85, 2048, 153, 0.649]
[0.7000000000000001, 0.2, 0.2, 0.95, 0.85, 2048, 148, 0.619625]
[0.9, 0.2, 0.2, 0.95, 0.85, 2048, 79, 0.605125]
[0.1, 0.2, 0.2, 0.95, 0.85, 4608, 180, 0.50625]
[0.30000000000000004, 0.2, 0.2, 0.95, 0.85, 4608, 284, 0.601625]
[0.5, 0.2, 0.2, 0.95, 0.85, 4608, 437, 0.647]
[0.7000000000000001, 0.2, 0.2, 0.95, 0.85, 4608, 427, 0.643]
[0.9, 0.2, 0.2, 0.95, 0.85, 4608, 208, 0.6105]
[0.1, 0.2, 0.2, 0.95, 0.85, 512, 0, 0.5095]
[0.30000000000000004, 0.2, 0.2, 0.95, 0.85, 512, 4, 0.643]
[0.5, 0.2, 0.2, 0.95, 0.85, 512, 15, 0.64325]
[0.7000000000000001, 0.2, 0.2, 0.95, 0.85, 512, 18, 0.6655]
[0.9, 0.2, 0.2, 0.95, 0.85, 512, 8, 0.657625]
[0.1, 0.2, 0.2, 0.95, 0.85, 2048, 83, 0.5025]
[0.30000000000000004, 0.2, 0.2, 0.95, 0.85, 2048, 63, 0.58525]
[0.5, 0.2, 0.2, 0.95, 0.85, 2048, 113, 0.62475]
[0.7000000000000001, 0.2, 0.2, 0.95, 0.85, 2048, 125, 0.6695]
[0.9, 0.2, 0.2, 0.95, 0.85, 2048, 65, 0.689375]
[0.1, 0.2, 0.2, 0.95, 0.85, 4608, 276, 0.52275]
[0.30000000000000004, 0.2, 0.2, 0.95, 0.85, 4608, 276, 0.52275]
[0.5, 0.2, 0.2, 0.95, 0.85, 4608, 348, 0.61675]
[0.7000000000000001, 0.2, 0.2, 0.95, 0.85, 4608, 327, 0.6675]
[0.9, 0.2, 0.2, 0.95, 0.85, 4608, 170, 0.691375]
[0.1, 0.2, 0.2, 0.95, 0.85, 512, -1, 0.5]
[0.30000000000000004, 0.2, 0.2, 0.95, 0.85, 512, -1, 0.5]
[0.5, 0.2, 0.2, 0.95, 0.85, 512, -1, 0.5]
[0.7000000000000001, 0.2, 0.2, 0.95, 0.85, 512, -1, 0.5]
[0.9, 0.2, 0.2, 0.95, 0.85, 512, 0, 0.54825]
[0.1, 0.2, 0.2, 0.95, 0.85, 2048, -1, 0.5]
[0.30000000000000004, 0.2, 0.2, 0.95, 0.85, 2048, -1, 0.5]
[0.5, 0.2, 0.2, 0.95, 0.85, 2048, -1, 0.5]
[0.7000000000000001, 0.2, 0.2, 0.95, 0.85, 2048, -1, 0.5]
[0.9, 0.2, 0.2, 0.95, 0.85, 2048, 0, 0.50275]
[0.1, 0.2, 0.2, 0.95, 0.85, 4608, -1, 0.5]
[0.30000000000000004, 0.2, 0.2, 0.95, 0.85, 4608, -1, 0.5]
[0.5, 0.2, 0.2, 0.95, 0.85, 4608, -1, 0.5]
[0.7000000000000001, 0.2, 0.2, 0.95, 0.85, 4608, -1, 0.5]
[0.9, 0.2, 0.2, 0.95, 0.85, 4608, -1, 0.5]
[0.1, 0.2, 0.2, 0.95, 0.85, 4096, 5, 0.68675]
[0.30000000000000004, 0.2, 0.2, 0.95, 0.85, 4096, 5, 0.68675]
[0.5, 0.2, 0.2, 0.95, 0.85, 4096, 5, 0.68675]
[0.7000000000000001, 0.2, 0.2, 0.95, 0.85, 4096, 5, 0.68675]
[0.9, 0.2, 0.2, 0.95, 0.85, 4096, 5, 0.68675]
[0.1, 0.2, 0.2, 0.95, 0.85, 4096, 50, 0.692625]
[0.30000000000000004, 0.2, 0.2, 0.95, 0.85, 4096, 50, 0.692625]
[0.5, 0.2, 0.2, 0.95, 0.85, 4096, 50, 0.692625]
[0.7000000000000001, 0.2, 0.2, 0.95, 0.85, 4096, 50, 0.692625]
[0.9, 0.2, 0.2, 0.95, 0.85, 4096, 20, 0.688125]