[0.1, 0.2, 0.2, 0.95, 0.85, 64, -1, 0.5]
[0.30000000000000004, 0.2, 0.2, 0.95, 0.85, 64, 0, 0.500875]
[0.5, 0.2, 0.2, 0.95, 0.85, 64, 0, 0.542125]
[0.7000000000000001, 0.2, 0.2, 0.95, 0.85, 64, 0, 0.53875]
[0.9, 0.2, 0.2, 0.95, 0.85, 64, 0, 0.524]
[0.1, 0.2, 0.2, 0.95, 0.85, 256, -1, 0.5]
[0.30000000000000004, 0.2, 0.2, 0.95, 0.85, 256, 0, 0.6175]
[0.5, 0.2, 0.2, 0.95, 0.85, 256, 3, 0.59975]
[0.7000000000000001, 0.2, 0.2, 0.95, 0.85, 256, 2, 0.553875]
[0.9, 0.2, 0.2, 0.95, 0.85, 256, 2, 0.52975]
[0.1, 0.2, 0.2, 0.95, 0.85, 576, -1, 0.5]
[0.30000000000000004, 0.2, 0.2, 0.95, 0.85, 576, 6, 0.62575]
[0.5, 0.2, 0.2, 0.95, 0.85, 576, 16, 0.60775]
[0.7000000000000001, 0.2, 0.2, 0.95, 0.85, 576, 12, 0.56]
[0.9, 0.2, 0.2, 0.95, 0.85, 576, 13, 0.5295]
[0.1, 0.2, 0.2, 0.95, 0.85, 128, 0, 0.5015]
[0.30000000000000004, 0.2, 0.2, 0.95, 0.85, 128, 0, 0.6305]
[0.5, 0.2, 0.2, 0.95, 0.85, 128, 3, 0.678375]
[0.7000000000000001, 0.2, 0.2, 0.95, 0.85, 128, 3, 0.684625]
[0.9, 0.2, 0.2, 0.95, 0.85, 128, 1, 0.60275]
[0.1, 0.2, 0.2, 0.95, 0.85, 512, 0, 0.576375]
[0.30000000000000004, 0.2, 0.2, 0.95, 0.85, 512, 15, 0.629125]
[0.5, 0.2, 0.2, 0.95, 0.85, 512, 36, 0.66425]
[0.7000000000000001, 0.2, 0.2, 0.95, 0.85, 512, 34, 0.670625]
[0.9, 0.2, 0.2, 0.95, 0.85, 512, 14, 0.60775]
[0.1, 0.2, 0.2, 0.95, 0.85, 1152, 4, 0.571375]
[0.30000000000000004, 0.2, 0.2, 0.95, 0.85, 1152, 59, 0.639875]
[0.5, 0.2, 0.2, 0.95, 0.85, 1152, 107, 0.654625]
[0.7000000000000001, 0.2, 0.2, 0.95, 0.85, 1152, 100, 0.66425]
[0.9, 0.2, 0.2, 0.95, 0.85, 1152, 37, 0.614875]
[0.1, 0.2, 0.2, 0.95, 0.85, 256, 0, 0.501375]
[0.30000000000000004, 0.2, 0.2, 0.95, 0.85, 256, 5, 0.511]
[0.5, 0.2, 0.2, 0.95, 0.85, 256, 15, 0.50225]
[0.7000000000000001, 0.2, 0.2, 0.95, 0.85, 256, 3, 0.513375]
[0.9, 0.2, 0.2, 0.95, 0.85, 256, 4, 0.53475]
[0.1, 0.2, 0.2, 0.95, 0.85, 1024, -1, 0.5]
[0.30000000000000004, 0.2, 0.2, 0.95, 0.85, 1024, 1, 0.50025]
[0.5, 0.2, 0.2, 0.95, 0.85, 1024, 22, 0.50225]
[0.7000000000000001, 0.2, 0.2, 0.95, 0.85, 1024, 44, 0.530875]
[0.9, 0.2, 0.2, 0.95, 0.85, 1024, 30, 0.541625]
[0.1, 0.2, 0.2, 0.95, 0.85, 2304, 6, 0.505625]
[0.30000000000000004, 0.2, 0.2, 0.95, 0.85, 2304, 197, 0.5015]
[0.5, 0.2, 0.2, 0.95, 0.85, 2304, 142, 0.519875]
[0.7000000000000001, 0.2, 0.2, 0.95, 0.85, 2304, 144, 0.554125]
[0.9, 0.2, 0.2, 0.95, 0.85, 2304, 91, 0.577375]
[0.1, 0.2, 0.2, 0.95, 0.85, 512, 0, 0.50475]
[0.30000000000000004, 0.2, 0.2, 0.95, 0.85, 512, 4, 0.644625]
[0.5, 0.2, 0.2, 0.95, 0.85, 512, 13, 0.675125]
[0.7000000000000001, 0.2, 0.2, 0.95, 0.85, 512, 19, 0.7375]
[0.9, 0.2, 0.2, 0.95, 0.85, 512, 6, 0.725125]
[0.1, 0.2, 0.2, 0.95, 0.85, 2048, 8, 0.592125]
[0.30000000000000004, 0.2, 0.2, 0.95, 0.85, 2048, 63, 0.64125]
[0.5, 0.2, 0.2, 0.95, 0.85, 2048, 140, 0.67775]
[0.7000000000000001, 0.2, 0.2, 0.95, 0.85, 2048, 150, 0.718125]
[0.9, 0.2, 0.2, 0.95, 0.85, 2048, 70, 0.711875]
[0.1, 0.2, 0.2, 0.95, 0.85, 4608, 102, 0.547]
[0.30000000000000004, 0.2, 0.2, 0.95, 0.85, 4608, 249, 0.630625]
[0.5, 0.2, 0.2, 0.95, 0.85, 4608, 389, 0.666875]
[0.7000000000000001, 0.2, 0.2, 0.95, 0.85, 4608, 416, 0.70725]
[0.9, 0.2, 0.2, 0.95, 0.85, 4608, 202, 0.72775]
[0.1, 0.2, 0.2, 0.95, 0.85, 512, -1, 0.5]
[0.30000000000000004, 0.2, 0.2, 0.95, 0.85, 512, -1, 0.5]
[0.5, 0.2, 0.2, 0.95, 0.85, 512, -1, 0.5]
[0.7000000000000001, 0.2, 0.2, 0.95, 0.85, 512, -1, 0.5]
[0.9, 0.2, 0.2, 0.95, 0.85, 512, 0, 0.5625]
[0.1, 0.2, 0.2, 0.95, 0.85, 2048, -1, 0.5]
[0.30000000000000004, 0.2, 0.2, 0.95, 0.85, 2048, -1, 0.5]
[0.5, 0.2, 0.2, 0.95, 0.85, 2048, -1, 0.5]
[0.7000000000000001, 0.2, 0.2, 0.95, 0.85, 2048, -1, 0.5]
[0.9, 0.2, 0.2, 0.95, 0.85, 2048, -1, 0.5]
[0.1, 0.2, 0.2, 0.95, 0.85, 4608, -1, 0.5]
[0.30000000000000004, 0.2, 0.2, 0.95, 0.85, 4608, -1, 0.5]
[0.5, 0.2, 0.2, 0.95, 0.85, 4608, -1, 0.5]
[0.7000000000000001, 0.2, 0.2, 0.95, 0.85, 4608, -1, 0.5]
[0.9, 0.2, 0.2, 0.95, 0.85, 4608, -1, 0.5]
[0.1, 0.2, 0.2, 0.95, 0.85, 4096, 5, 0.68675]
[0.30000000000000004, 0.2, 0.2, 0.95, 0.85, 4096, 5, 0.68675]
[0.5, 0.2, 0.2, 0.95, 0.85, 4096, 5, 0.68675]
[0.7000000000000001, 0.2, 0.2, 0.95, 0.85, 4096, 5, 0.68675]
[0.9, 0.2, 0.2, 0.95, 0.85, 4096, 5, 0.68675]
[0.1, 0.2, 0.2, 0.95, 0.85, 4096, 50, 0.692625]
[0.30000000000000004, 0.2, 0.2, 0.95, 0.85, 4096, 50, 0.692625]
[0.5, 0.2, 0.2, 0.95, 0.85, 4096, 50, 0.692625]
[0.7000000000000001, 0.2, 0.2, 0.95, 0.85, 4096, 50, 0.692625]
[0.9, 0.2, 0.2, 0.95, 0.85, 4096, 19, 0.687875]
