[0.1, 0.2, 0.2, 0.95, 0.85, 64, 0, 0.6001]                          0
[0.30000000000000004, 0.2, 0.2, 0.95, 0.85, 64, 0, 0.66545]
[0.5, 0.2, 0.2, 0.95, 0.85, 64, 0, 0.7256]
[0.7000000000000001, 0.2, 0.2, 0.95, 0.85, 64, 0, 0.7611]
[0.9, 0.2, 0.2, 0.95, 0.85, 64, 0, 0.6583]
[0.1, 0.2, 0.2, 0.95, 0.85, 256, 0, 0.6696]
[0.30000000000000004, 0.2, 0.2, 0.95, 0.85, 256, 2, 0.8376]
[0.5, 0.2, 0.2, 0.95, 0.85, 256, 3, 0.8507]
[0.7000000000000001, 0.2, 0.2, 0.95, 0.85, 256, 3, 0.86985]
[0.9, 0.2, 0.2, 0.95, 0.85, 256, 1, 0.788]
[0.1, 0.2, 0.2, 0.95, 0.85, 576, 1, 0.95895]
[0.30000000000000004, 0.2, 0.2, 0.95, 0.85, 576, 14, 0.9625]
[0.5, 0.2, 0.2, 0.95, 0.85, 576, 17, 0.94725]
[0.7000000000000001, 0.2, 0.2, 0.95, 0.85, 576, 16, 0.92015]
[0.9, 0.2, 0.2, 0.95, 0.85, 576, 7, 0.807]
[0.1, 0.2, 0.2, 0.95, 0.85, 128, 0, 0.7088]                                                 2
[0.30000000000000004, 0.2, 0.2, 0.95, 0.85, 128, 0, 0.9082]
[0.5, 0.2, 0.2, 0.95, 0.85, 128, 1, 0.95155]
[0.7000000000000001, 0.2, 0.2, 0.95, 0.85, 128, 2, 0.95345]
[0.9, 0.2, 0.2, 0.95, 0.85, 128, 0, 0.86425]
[0.1, 0.2, 0.2, 0.95, 0.85, 512, 3, 0.8065]
[0.30000000000000004, 0.2, 0.2, 0.95, 0.85, 512, 21, 0.9686]
[0.5, 0.2, 0.2, 0.95, 0.85, 512, 29, 0.9778]
[0.7000000000000001, 0.2, 0.2, 0.95, 0.85, 512, 27, 0.97095]
[0.9, 0.2, 0.2, 0.95, 0.85, 512, 11, 0.88725]
[0.1, 0.2, 0.2, 0.95, 0.85, 1152, 22, 0.97265]
[0.30000000000000004, 0.2, 0.2, 0.95, 0.85, 1152, 61, 0.9915]
[0.5, 0.2, 0.2, 0.95, 0.85, 1152, 82, 0.99325]
[0.7000000000000001, 0.2, 0.2, 0.95, 0.85, 1152, 72, 0.98245]
[0.9, 0.2, 0.2, 0.95, 0.85, 1152, 32, 0.9291]
[0.1, 0.2, 0.2, 0.95, 0.85, 256, 0, 0.83655]                                        4
[0.30000000000000004, 0.2, 0.2, 0.95, 0.85, 256, 6, 0.931]
[0.5, 0.2, 0.2, 0.95, 0.85, 256, 9, 0.94335]
[0.7000000000000001, 0.2, 0.2, 0.95, 0.85, 256, 6, 0.90675]
[0.9, 0.2, 0.2, 0.95, 0.85, 256, 2, 0.8151]
[0.1, 0.2, 0.2, 0.95, 0.85, 1024, 17, 0.9221]
[0.30000000000000004, 0.2, 0.2, 0.95, 0.85, 1024, 52, 0.97955]
[0.5, 0.2, 0.2, 0.95, 0.85, 1024, 60, 0.97485]
[0.7000000000000001, 0.2, 0.2, 0.95, 0.85, 1024, 50, 0.96055]
[0.9, 0.2, 0.2, 0.95, 0.85, 1024, 21, 0.92045]
[0.1, 0.2, 0.2, 0.95, 0.85, 2304, 46, 0.79725]
[0.30000000000000004, 0.2, 0.2, 0.95, 0.85, 2304, 153, 0.9818]
[0.5, 0.2, 0.2, 0.95, 0.85, 2304, 166, 0.986]
[0.7000000000000001, 0.2, 0.2, 0.95, 0.85, 2304, 138, 0.9833]
[0.9, 0.2, 0.2, 0.95, 0.85, 2304, 62, 0.95615]
[0.1, 0.2, 0.2, 0.95, 0.85, 512, 0, 0.79225]                                        6
[0.30000000000000004, 0.2, 0.2, 0.95, 0.85, 512, 0, 0.91575]
[0.5, 0.2, 0.2, 0.95, 0.85, 512, 1, 0.99635]
[0.7000000000000001, 0.2, 0.2, 0.95, 0.85, 512, 2, 0.999]
[0.9, 0.2, 0.2, 0.95, 0.85, 512, 0, 0.9935]
[0.1, 0.2, 0.2, 0.95, 0.85, 2048, 8, 0.87625]
[0.30000000000000004, 0.2, 0.2, 0.95, 0.85, 2048, 8, 0.89545]
[0.5, 0.2, 0.2, 0.95, 0.85, 2048, 19, 0.9977]
[0.7000000000000001, 0.2, 0.2, 0.95, 0.85, 2048, 16, 0.99905]
[0.9, 0.2, 0.2, 0.95, 0.85, 2048, 5, 0.99885]
[0.1, 0.2, 0.2, 0.95, 0.85, 4608, 25, 0.9134]
[0.30000000000000004, 0.2, 0.2, 0.95, 0.85, 4608, 25, 0.9134]
[0.5, 0.2, 0.2, 0.95, 0.85, 4608, 25, 0.9134]
[0.7000000000000001, 0.2, 0.2, 0.95, 0.85, 4608, 41, 0.99555]
[0.9, 0.2, 0.2, 0.95, 0.85, 4608, 19, 0.99825]
[0.1, 0.2, 0.2, 0.95, 0.85, 256, 0, 0.942]                                  7
[0.30000000000000004, 0.2, 0.2, 0.95, 0.85, 256, 0, 0.942]
[0.5, 0.2, 0.2, 0.95, 0.85, 256, 0, 0.942]
[0.7000000000000001, 0.2, 0.2, 0.95, 0.85, 256, 0, 0.942]
[0.9, 0.2, 0.2, 0.95, 0.85, 256, 0, 0.8874]
[0.1, 0.2, 0.2, 0.95, 0.85, 256, 0, 0.8983]
[0.30000000000000004, 0.2, 0.2, 0.95, 0.85, 256, 0, 0.8983]
[0.5, 0.2, 0.2, 0.95, 0.85, 256, 0, 0.8983]
[0.7000000000000001, 0.2, 0.2, 0.95, 0.85, 256, 0, 0.9405]
[0.9, 0.2, 0.2, 0.95, 0.85, 256, 0, 0.6507]
