[0.1, 0.2, 0.2, 0.95, 0.85, 64, 0, 0.620113223670156]                           0
[0.30000000000000004, 0.2, 0.2, 0.95, 0.85, 64, 0, 0.7920316171758172]
[0.5, 0.2, 0.2, 0.95, 0.85, 64, 0, 0.9175923947874386]
[0.7000000000000001, 0.2, 0.2, 0.95, 0.85, 64, 0, 0.8828241828669088]
[0.9, 0.2, 0.2, 0.95, 0.85, 64, 0, 0.7618030335398419]
[0.1, 0.2, 0.2, 0.95, 0.85, 256, 0, 0.9249092074343089]
[0.30000000000000004, 0.2, 0.2, 0.95, 0.85, 256, 3, 0.9419461653492843]
[0.5, 0.2, 0.2, 0.95, 0.85, 256, 5, 0.977835932493057]
[0.7000000000000001, 0.2, 0.2, 0.95, 0.85, 256, 4, 0.9605319376201666]
[0.9, 0.2, 0.2, 0.95, 0.85, 256, 1, 0.8881115146336253]
[0.1, 0.2, 0.2, 0.95, 0.85, 576, 1, 0.9535889767143773]
[0.30000000000000004, 0.2, 0.2, 0.95, 0.85, 576, 17, 0.9849925229651784]
[0.5, 0.2, 0.2, 0.95, 0.85, 576, 25, 0.9929502243110446]
[0.7000000000000001, 0.2, 0.2, 0.95, 0.85, 576, 20, 0.9844584490493484]
[0.9, 0.2, 0.2, 0.95, 0.85, 576, 9, 0.9222922452467421]
[0.1, 0.2, 0.2, 0.95, 0.85, 128, 0, 0.7238303781243324]                                             2
[0.30000000000000004, 0.2, 0.2, 0.95, 0.85, 128, 1, 0.978797265541551]
[0.5, 0.2, 0.2, 0.95, 0.85, 128, 2, 0.9794381542405469]
[0.7000000000000001, 0.2, 0.2, 0.95, 0.85, 128, 2, 0.9504379406109805]
[0.9, 0.2, 0.2, 0.95, 0.85, 128, 0, 0.8530762657551805]
[0.1, 0.2, 0.2, 0.95, 0.85, 512, 5, 0.9507049775688955]
[0.30000000000000004, 0.2, 0.2, 0.95, 0.85, 512, 22, 0.9839777825251015]
[0.5, 0.2, 0.2, 0.95, 0.85, 512, 31, 0.988677632984405]
[0.7000000000000001, 0.2, 0.2, 0.95, 0.85, 512, 29, 0.979117709891049]
[0.9, 0.2, 0.2, 0.95, 0.85, 512, 12, 0.8922772911770989]
[0.1, 0.2, 0.2, 0.95, 0.85, 1152, 24, 0.988784447767571]
[0.30000000000000004, 0.2, 0.2, 0.95, 0.85, 1152, 72, 0.9980239265114291]
[0.5, 0.2, 0.2, 0.95, 0.85, 1152, 94, 0.9979705191198461]
[0.7000000000000001, 0.2, 0.2, 0.95, 0.85, 1152, 79, 0.988517410809656]
[0.9, 0.2, 0.2, 0.95, 0.85, 1152, 34, 0.9305703909421064]
[0.1, 0.2, 0.2, 0.95, 0.85, 256, 0, 0.7309335612048707]                                                 4
[0.30000000000000004, 0.2, 0.2, 0.95, 0.85, 256, 5, 0.8579363383892331]
[0.5, 0.2, 0.2, 0.95, 0.85, 256, 9, 0.9126789147618031]
[0.7000000000000001, 0.2, 0.2, 0.95, 0.85, 256, 7, 0.8960158085879085]
[0.9, 0.2, 0.2, 0.95, 0.85, 256, 2, 0.836947233497116]
[0.1, 0.2, 0.2, 0.95, 0.85, 1024, 16, 0.9151356547746208]
[0.30000000000000004, 0.2, 0.2, 0.95, 0.85, 1024, 50, 0.968115787224952]
[0.5, 0.2, 0.2, 0.95, 0.85, 1024, 61, 0.9684362315744499]
[0.7000000000000001, 0.2, 0.2, 0.95, 0.85, 1024, 55, 0.9658726767784661]
[0.9, 0.2, 0.2, 0.95, 0.85, 1024, 24, 0.9423734244819483]
[0.1, 0.2, 0.2, 0.95, 0.85, 2304, 46, 0.8214590899380474]
[0.30000000000000004, 0.2, 0.2, 0.95, 0.85, 2304, 145, 0.9704123050630207]
[0.5, 0.2, 0.2, 0.95, 0.85, 2304, 173, 0.978102969450972]
[0.7000000000000001, 0.2, 0.2, 0.95, 0.85, 2304, 132, 0.9810403759880367]
[0.9, 0.2, 0.2, 0.95, 0.85, 2304, 65, 0.9686498611407819]
[0.1, 0.2, 0.2, 0.95, 0.85, 512, 0, 0.672986541337321]                          6
[0.30000000000000004, 0.2, 0.2, 0.95, 0.85, 512, 0, 0.8754005554368725]
[0.5, 0.2, 0.2, 0.95, 0.85, 512, 0, 0.8896603289895322]
[0.7000000000000001, 0.2, 0.2, 0.95, 0.85, 512, 0, 0.8426084170049135]
[0.9, 0.2, 0.2, 0.95, 0.85, 512, 0, 0.7973723563341166]
[0.1, 0.2, 0.2, 0.95, 0.85, 2048, 11, 0.9205832087160863]
[0.30000000000000004, 0.2, 0.2, 0.95, 0.85, 2048, 11, 0.9323862422559283]
[0.5, 0.2, 0.2, 0.95, 0.85, 2048, 4, 0.9546571245460371]
[0.7000000000000001, 0.2, 0.2, 0.95, 0.85, 2048, 1, 0.9501174962614826]
[0.9, 0.2, 0.2, 0.95, 0.85, 2048, 0, 0.9380474257637257]
[0.1, 0.2, 0.2, 0.95, 0.85, 4608, 33, 0.9441358684041872]
[0.30000000000000004, 0.2, 0.2, 0.95, 0.85, 4608, 33, 0.9441358684041872]
[0.5, 0.2, 0.2, 0.95, 0.85, 4608, 33, 0.9441358684041872]
[0.7000000000000001, 0.2, 0.2, 0.95, 0.85, 4608, 20, 0.9700384533219397]
[0.9, 0.2, 0.2, 0.95, 0.85, 4608, 1, 0.9440290536210212]
[0.1, 0.2, 0.2, 0.95, 0.85, 256, 0, 0.8582567827387311]                             7
[0.30000000000000004, 0.2, 0.2, 0.95, 0.85, 256, 0, 0.8582567827387311]
[0.5, 0.2, 0.2, 0.95, 0.85, 256, 0, 0.8582567827387311]
[0.7000000000000001, 0.2, 0.2, 0.95, 0.85, 256, 0, 0.8582567827387311]
[0.9, 0.2, 0.2, 0.95, 0.85, 256, 0, 0.8222067934202093]
[0.1, 0.2, 0.2, 0.95, 0.85, 256, 0, 0.8665349284340953]
[0.30000000000000004, 0.2, 0.2, 0.95, 0.85, 256, 0, 0.8665349284340953]
[0.5, 0.2, 0.2, 0.95, 0.85, 256, 0, 0.8665349284340953]
[0.7000000000000001, 0.2, 0.2, 0.95, 0.85, 256, 0, 0.8819162572099979]
[0.9, 0.2, 0.2, 0.95, 0.85, 256, 0, 0.6502349925229651]
