[0.1, 0.2, 0.2, 0.95, 0.85, 64, 0, 0.8359]                          0
[0.30000000000000004, 0.2, 0.2, 0.95, 0.85, 64, 0, 0.9382]
[0.5, 0.2, 0.2, 0.95, 0.85, 64, 0, 0.9774]
[0.7000000000000001, 0.2, 0.2, 0.95, 0.85, 64, 0, 0.9326]
[0.9, 0.2, 0.2, 0.95, 0.85, 64, 0, 0.7807]
[0.1, 0.2, 0.2, 0.95, 0.85, 256, 0, 0.9762]
[0.30000000000000004, 0.2, 0.2, 0.95, 0.85, 256, 3, 0.9519]
[0.5, 0.2, 0.2, 0.95, 0.85, 256, 5, 0.9846]
[0.7000000000000001, 0.2, 0.2, 0.95, 0.85, 256, 5, 0.9648]
[0.9, 0.2, 0.2, 0.95, 0.85, 256, 1, 0.9001]
[0.1, 0.2, 0.2, 0.95, 0.85, 576, 1, 0.953]
[0.30000000000000004, 0.2, 0.2, 0.95, 0.85, 576, 17, 0.9857]
[0.5, 0.2, 0.2, 0.95, 0.85, 576, 25, 0.9959]
[0.7000000000000001, 0.2, 0.2, 0.95, 0.85, 576, 20, 0.9895]
[0.9, 0.2, 0.2, 0.95, 0.85, 576, 9, 0.9088]
[0.1, 0.2, 0.2, 0.95, 0.85, 128, 0, 0.9079]                                                 2
[0.30000000000000004, 0.2, 0.2, 0.95, 0.85, 128, 2, 0.9983]
[0.5, 0.2, 0.2, 0.95, 0.85, 128, 3, 0.9923]
[0.7000000000000001, 0.2, 0.2, 0.95, 0.85, 128, 4, 0.9932]
[0.9, 0.2, 0.2, 0.95, 0.85, 128, 2, 0.9862]
[0.1, 0.2, 0.2, 0.95, 0.85, 512, 3, 0.841]
[0.30000000000000004, 0.2, 0.2, 0.95, 0.85, 512, 22, 0.9872]
[0.5, 0.2, 0.2, 0.95, 0.85, 512, 32, 0.9893]
[0.7000000000000001, 0.2, 0.2, 0.95, 0.85, 512, 32, 0.9872]
[0.9, 0.2, 0.2, 0.95, 0.85, 512, 16, 0.9792]
[0.1, 0.2, 0.2, 0.95, 0.85, 1152, 22, 0.9887]
[0.30000000000000004, 0.2, 0.2, 0.95, 0.85, 1152, 71, 0.9979]
[0.5, 0.2, 0.2, 0.95, 0.85, 1152, 87, 0.9953]
[0.7000000000000001, 0.2, 0.2, 0.95, 0.85, 1152, 77, 0.9894]
[0.9, 0.2, 0.2, 0.95, 0.85, 1152, 40, 0.9783]
[0.1, 0.2, 0.2, 0.95, 0.85, 256, 1, 0.9515]                                                         4
[0.30000000000000004, 0.2, 0.2, 0.95, 0.85, 256, 9, 0.9856]
[0.5, 0.2, 0.2, 0.95, 0.85, 256, 13, 0.9924]
[0.7000000000000001, 0.2, 0.2, 0.95, 0.85, 256, 11, 0.9874]
[0.9, 0.2, 0.2, 0.95, 0.85, 256, 3, 0.9432]
[0.1, 0.2, 0.2, 0.95, 0.85, 1024, 18, 0.9458]
[0.30000000000000004, 0.2, 0.2, 0.95, 0.85, 1024, 55, 0.988]
[0.5, 0.2, 0.2, 0.95, 0.85, 1024, 68, 0.9936]
[0.7000000000000001, 0.2, 0.2, 0.95, 0.85, 1024, 67, 0.997]
[0.9, 0.2, 0.2, 0.95, 0.85, 1024, 28, 0.9831]
[0.1, 0.2, 0.2, 0.95, 0.85, 2304, 46, 0.6126]
[0.30000000000000004, 0.2, 0.2, 0.95, 0.85, 2304, 146, 0.9797]
[0.5, 0.2, 0.2, 0.95, 0.85, 2304, 186, 0.995]
[0.7000000000000001, 0.2, 0.2, 0.95, 0.85, 2304, 182, 0.9986]
[0.9, 0.2, 0.2, 0.95, 0.85, 2304, 80, 0.9949]
[0.1, 0.2, 0.2, 0.95, 0.85, 512, 0, 0.678]                                                  6
[0.30000000000000004, 0.2, 0.2, 0.95, 0.85, 512, 0, 0.9779]
[0.5, 0.2, 0.2, 0.95, 0.85, 512, 2, 0.9992]
[0.7000000000000001, 0.2, 0.2, 0.95, 0.85, 512, 11, 0.9998]
[0.9, 0.2, 0.2, 0.95, 0.85, 512, 4, 0.9997]
[0.1, 0.2, 0.2, 0.95, 0.85, 2048, 8, 0.9075]
[0.30000000000000004, 0.2, 0.2, 0.95, 0.85, 2048, 8, 0.9241]
[0.5, 0.2, 0.2, 0.95, 0.85, 2048, 21, 0.9974]
[0.7000000000000001, 0.2, 0.2, 0.95, 0.85, 2048, 53, 1.0]
[0.9, 0.2, 0.2, 0.95, 0.85, 2048, 31, 0.9999]
[0.1, 0.2, 0.2, 0.95, 0.85, 4608, 34, 0.9605]
[0.30000000000000004, 0.2, 0.2, 0.95, 0.85, 4608, 34, 0.9605]
[0.5, 0.2, 0.2, 0.95, 0.85, 4608, 34, 0.9605]
[0.7000000000000001, 0.2, 0.2, 0.95, 0.85, 4608, 54, 0.9984]
[0.9, 0.2, 0.2, 0.95, 0.85, 4608, 113, 1.0]
[0.1, 0.2, 0.2, 0.95, 0.85, 256, 0, 0.977]                                      7
[0.30000000000000004, 0.2, 0.2, 0.95, 0.85, 256, 0, 0.977]
[0.5, 0.2, 0.2, 0.95, 0.85, 256, 0, 0.977]
[0.7000000000000001, 0.2, 0.2, 0.95, 0.85, 256, 0, 0.977]
[0.9, 0.2, 0.2, 0.95, 0.85, 256, 0, 0.9989]
[0.1, 0.2, 0.2, 0.95, 0.85, 256, 0, 0.9533]
[0.30000000000000004, 0.2, 0.2, 0.95, 0.85, 256, 0, 0.9533]
[0.5, 0.2, 0.2, 0.95, 0.85, 256, 0, 0.9533]
[0.7000000000000001, 0.2, 0.2, 0.95, 0.85, 256, 0, 0.9794]
[0.9, 0.2, 0.2, 0.95, 0.85, 256, 0, 0.8004]
