Cifar100:
    layers: 0, 1, 2, 4 (10)
    avgpools: 3, 2, 1, 1
    quantiles: 99, 99, 99, 99/ dawno

83.5650 + 82.0300+ 77.6550+ 79.6999 +49.9400 + 51.9813 + 54.9162 + 79.6450+ 83.1700 + 78.9950 + 81.1151 + 49.7900 + 51.4750 + 54.5183 + 76.7300 + 83.3150 + 79.4100 + 81.5638 + 49.6350 + 51.3438+ 54.3194+ 63.2300 + 74.2000 + 81.6000 + 82.3916 + 49.8600 + 51.3438 + 53.7277 + 60.5850 + 71.5750+ 81.1800+ 79.6950+ 49.7750+ 51.2937+ 53.6073+ 64.2800+ 64.2800+ 64.2550+ 63.3100+ 63.0848+54.0563+ 55.4450+ 62.6100 + 62.6100+ 62.5850+ 61.8000+ 61.5520+ 52.8150+ 55.3351+ 65.4850+ 65.4850+ 65.4500+ 64.3650+ 64.2544+ 52.4100+ 54.0313
mean = 63,48
l2 a2 q0.3

 vs mnist:
[0.1, 0.2, 0.2, 0.95, 0.85, 64, -1, 0.5]
[0.30000000000000004, 0.2, 0.2, 0.95, 0.85, 64, -1, 0.5]
[0.5, 0.2, 0.2, 0.95, 0.85, 64, -1, 0.5]
[0.7000000000000001, 0.2, 0.2, 0.95, 0.85, 64, -1, 0.5]
[0.9, 0.2, 0.2, 0.95, 0.85, 64, -1, 0.5]
[0.1, 0.2, 0.2, 0.95, 0.85, 256, -1, 0.5]
[0.30000000000000004, 0.2, 0.2, 0.95, 0.85, 256, -1, 0.5]
[0.5, 0.2, 0.2, 0.95, 0.85, 256, -1, 0.5]
[0.7000000000000001, 0.2, 0.2, 0.95, 0.85, 256, -1, 0.5]
[0.9, 0.2, 0.2, 0.95, 0.85, 256, -1, 0.5]
[0.1, 0.2, 0.2, 0.95, 0.85, 576, 2, 0.57095]
[0.30000000000000004, 0.2, 0.2, 0.95, 0.85, 576, -1, 0.5]
[0.5, 0.2, 0.2, 0.95, 0.85, 576, -1, 0.5]
[0.7000000000000001, 0.2, 0.2, 0.95, 0.85, 576, -1, 0.5]
[0.9, 0.2, 0.2, 0.95, 0.85, 576, 0, 0.5011]
[0.1, 0.2, 0.2, 0.95, 0.85, 64, 0, 0.72075]
[0.30000000000000004, 0.2, 0.2, 0.95, 0.85, 64, 3, 0.80105] l1 a0
[0.5, 0.2, 0.2, 0.95, 0.85, 64, 3, 0.607]
[0.7000000000000001, 0.2, 0.2, 0.95, 0.85, 64, -1, 0.5]
[0.9, 0.2, 0.2, 0.95, 0.85, 64, -1, 0.5]
[0.1, 0.2, 0.2, 0.95, 0.85, 256, 6, 0.8535] l1 a1
[0.30000000000000004, 0.2, 0.2, 0.95, 0.85, 256, 33, 0.7714]
[0.5, 0.2, 0.2, 0.95, 0.85, 256, 64, 0.5514]
[0.7000000000000001, 0.2, 0.2, 0.95, 0.85, 256, -1, 0.5]
[0.9, 0.2, 0.2, 0.95, 0.85, 256, -1, 0.5]
[0.1, 0.2, 0.2, 0.95, 0.85, 576, 26, 0.8657] l1 a2
[0.30000000000000004, 0.2, 0.2, 0.95, 0.85, 576, 109, 0.77085]
[0.5, 0.2, 0.2, 0.95, 0.85, 576, 97, 0.52945]
[0.7000000000000001, 0.2, 0.2, 0.95, 0.85, 576, 20, 0.5006]
[0.9, 0.2, 0.2, 0.95, 0.85, 576, 0, 0.50025]
[0.1, 0.2, 0.2, 0.95, 0.85, 64, 6, 0.9017]
[0.30000000000000004, 0.2, 0.2, 0.95, 0.85, 64, 24, 0.86035] l2 a0
[0.5, 0.2, 0.2, 0.95, 0.85, 64, 30, 0.7243]
[0.7000000000000001, 0.2, 0.2, 0.95, 0.85, 64, 30, 0.5399]
[0.9, 0.2, 0.2, 0.95, 0.85, 64, -1, 0.5]
[0.1, 0.2, 0.2, 0.95, 0.85, 256, 47, 0.8105]
[0.30000000000000004, 0.2, 0.2, 0.95, 0.85, 256, 166, 0.82525] l2 a1
[0.5, 0.2, 0.2, 0.95, 0.85, 256, 203, 0.5935]
[0.7000000000000001, 0.2, 0.2, 0.95, 0.85, 256, 87, 0.5095]
[0.9, 0.2, 0.2, 0.95, 0.85, 256, 7, 0.5005]
[0.1, 0.2, 0.2, 0.95, 0.85, 576, 139, 0.7886]
[0.30000000000000004, 0.2, 0.2, 0.95, 0.85, 576, 462, 0.7655]
[0.5, 0.2, 0.2, 0.95, 0.85, 576, 515, 0.5993]
[0.7000000000000001, 0.2, 0.2, 0.95, 0.85, 576, 204, 0.5061]
[0.9, 0.2, 0.2, 0.95, 0.85, 576, 37, 0.5008]
[0.1, 0.2, 0.2, 0.95, 0.85, 64, 17, 0.63725]
[0.30000000000000004, 0.2, 0.2, 0.95, 0.85, 64, 65, 0.5539]
[0.5, 0.2, 0.2, 0.95, 0.85, 64, 85, 0.5317]
[0.7000000000000001, 0.2, 0.2, 0.95, 0.85, 64, 35, 0.5037]
[0.9, 0.2, 0.2, 0.95, 0.85, 64, 6, 0.5005]
[0.1, 0.2, 0.2, 0.95, 0.85, 256, 57, 0.50115]
[0.30000000000000004, 0.2, 0.2, 0.95, 0.85, 256, 212, 0.50395]
[0.5, 0.2, 0.2, 0.95, 0.85, 256, 290, 0.5074]
[0.7000000000000001, 0.2, 0.2, 0.95, 0.85, 256, 245, 0.50845]
[0.9, 0.2, 0.2, 0.95, 0.85, 256, 94, 0.5025]
[0.1, 0.2, 0.2, 0.95, 0.85, 576, 154, 0.501]
[0.30000000000000004, 0.2, 0.2, 0.95, 0.85, 576, 451, 0.5032]
[0.5, 0.2, 0.2, 0.95, 0.85, 576, 650, 0.50685]
[0.7000000000000001, 0.2, 0.2, 0.95, 0.85, 576, 571, 0.5067]
[0.9, 0.2, 0.2, 0.95, 0.85, 576, 250, 0.50455]
[0.1, 0.2, 0.2, 0.95, 0.85, 64, 22, 0.50105]
[0.30000000000000004, 0.2, 0.2, 0.95, 0.85, 64, 122, 0.5172]
[0.5, 0.2, 0.2, 0.95, 0.85, 64, 203, 0.575]
[0.7000000000000001, 0.2, 0.2, 0.95, 0.85, 64, 198, 0.61835]
[0.9, 0.2, 0.2, 0.95, 0.85, 64, 96, 0.61885]
[0.1, 0.2, 0.2, 0.95, 0.85, 256, 635, 0.5059]
[0.30000000000000004, 0.2, 0.2, 0.95, 0.85, 256, 635, 0.5059]
[0.5, 0.2, 0.2, 0.95, 0.85, 256, 828, 0.5246]
[0.7000000000000001, 0.2, 0.2, 0.95, 0.85, 256, 941, 0.59535]
[0.9, 0.2, 0.2, 0.95, 0.85, 256, 459, 0.5892]


vs tinyimagenet:
[0.1, 0.2, 0.2, 0.95, 0.85, 64, -1, 0.5]
[0.30000000000000004, 0.2, 0.2, 0.95, 0.85, 64, 2, 0.5002]
[0.5, 0.2, 0.2, 0.95, 0.85, 64, 0, 0.5083]
[0.7000000000000001, 0.2, 0.2, 0.95, 0.85, 64, 0, 0.5236]
[0.9, 0.2, 0.2, 0.95, 0.85, 64, 0, 0.51255]
[0.1, 0.2, 0.2, 0.95, 0.85, 256, 0, 0.50425]
[0.30000000000000004, 0.2, 0.2, 0.95, 0.85, 256, 1, 0.51625]
[0.5, 0.2, 0.2, 0.95, 0.85, 256, 4, 0.5423]
[0.7000000000000001, 0.2, 0.2, 0.95, 0.85, 256, 3, 0.5504]
[0.9, 0.2, 0.2, 0.95, 0.85, 256, 0, 0.5444]
[0.1, 0.2, 0.2, 0.95, 0.85, 576, 0, 0.503]
[0.30000000000000004, 0.2, 0.2, 0.95, 0.85, 576, 10, 0.51985]
[0.5, 0.2, 0.2, 0.95, 0.85, 576, 19, 0.55495]
[0.7000000000000001, 0.2, 0.2, 0.95, 0.85, 576, 14, 0.5606]
[0.9, 0.2, 0.2, 0.95, 0.85, 576, 7, 0.55915]
[0.1, 0.2, 0.2, 0.95, 0.85, 64, 2, 0.5003]
[0.30000000000000004, 0.2, 0.2, 0.95, 0.85, 64, 5, 0.5058]
[0.5, 0.2, 0.2, 0.95, 0.85, 64, 17, 0.5025]
[0.7000000000000001, 0.2, 0.2, 0.95, 0.85, 64, 2, 0.5113]
[0.9, 0.2, 0.2, 0.95, 0.85, 64, 2, 0.5347]
[0.1, 0.2, 0.2, 0.95, 0.85, 256, 13, 0.50505]
[0.30000000000000004, 0.2, 0.2, 0.95, 0.85, 256, 22, 0.51635]
[0.5, 0.2, 0.2, 0.95, 0.85, 256, 32, 0.5204]
[0.7000000000000001, 0.2, 0.2, 0.95, 0.85, 256, 30, 0.53125]
[0.9, 0.2, 0.2, 0.95, 0.85, 256, 19, 0.5536]
[0.1, 0.2, 0.2, 0.95, 0.85, 576, 49, 0.50365]
[0.30000000000000004, 0.2, 0.2, 0.95, 0.85, 576, 70, 0.51255]
[0.5, 0.2, 0.2, 0.95, 0.85, 576, 109, 0.5291]
[0.7000000000000001, 0.2, 0.2, 0.95, 0.85, 576, 104, 0.54305]
[0.9, 0.2, 0.2, 0.95, 0.85, 576, 62, 0.5664]
[0.1, 0.2, 0.2, 0.95, 0.85, 64, 7, 0.5059]
[0.30000000000000004, 0.2, 0.2, 0.95, 0.85, 64, 18, 0.53125]
[0.5, 0.2, 0.2, 0.95, 0.85, 64, 28, 0.5325]
[0.7000000000000001, 0.2, 0.2, 0.95, 0.85, 64, 24, 0.5503]
[0.9, 0.2, 0.2, 0.95, 0.85, 64, 11, 0.55945]
[0.1, 0.2, 0.2, 0.95, 0.85, 256, 38, 0.5179]
[0.30000000000000004, 0.2, 0.2, 0.95, 0.85, 256, 141, 0.5606] - to 63.5
[0.5, 0.2, 0.2, 0.95, 0.85, 256, 182, 0.5683]
[0.7000000000000001, 0.2, 0.2, 0.95, 0.85, 256, 164, 0.5807]
[0.9, 0.2, 0.2, 0.95, 0.85, 256, 76, 0.586]
[0.1, 0.2, 0.2, 0.95, 0.85, 576, 107, 0.515]
[0.30000000000000004, 0.2, 0.2, 0.95, 0.85, 576, 396, 0.5647]
[0.5, 0.2, 0.2, 0.95, 0.85, 576, 516, 0.58005]
[0.7000000000000001, 0.2, 0.2, 0.95, 0.85, 576, 474, 0.5906]
[0.9, 0.2, 0.2, 0.95, 0.85, 576, 190, 0.5959]
[0.1, 0.2, 0.2, 0.95, 0.85, 64, 19, 0.52715]
[0.30000000000000004, 0.2, 0.2, 0.95, 0.85, 64, 68, 0.55605]
[0.5, 0.2, 0.2, 0.95, 0.85, 64, 94, 0.58645]
[0.7000000000000001, 0.2, 0.2, 0.95, 0.85, 64, 86, 0.6044]
[0.9, 0.2, 0.2, 0.95, 0.85, 64, 40, 0.59085]
[0.1, 0.2, 0.2, 0.95, 0.85, 256, 134, 0.53715]
[0.30000000000000004, 0.2, 0.2, 0.95, 0.85, 256, 417, 0.56605]
[0.5, 0.2, 0.2, 0.95, 0.85, 256, 543, 0.5946]
[0.7000000000000001, 0.2, 0.2, 0.95, 0.85, 256, 499, 0.61055]
[0.9, 0.2, 0.2, 0.95, 0.85, 256, 231, 0.6096]
[0.1, 0.2, 0.2, 0.95, 0.85, 576, 344, 0.5477]
[0.30000000000000004, 0.2, 0.2, 0.95, 0.85, 576, 963, 0.57125]
[0.5, 0.2, 0.2, 0.95, 0.85, 576, 1315, 0.59565]
[0.7000000000000001, 0.2, 0.2, 0.95, 0.85, 576, 1176, 0.6136]
[0.9, 0.2, 0.2, 0.95, 0.85, 576, 546, 0.6178]
[0.1, 0.2, 0.2, 0.95, 0.85, 64, 17, 0.5004]
[0.30000000000000004, 0.2, 0.2, 0.95, 0.85, 64, 166, 0.5206]
[0.5, 0.2, 0.2, 0.95, 0.85, 64, 222, 0.5588]
[0.7000000000000001, 0.2, 0.2, 0.95, 0.85, 64, 235, 0.58195]
[0.9, 0.2, 0.2, 0.95, 0.85, 64, 95, 0.6062]
[0.1, 0.2, 0.2, 0.95, 0.85, 256, 1177, 0.6005]
[0.30000000000000004, 0.2, 0.2, 0.95, 0.85, 256, 1177, 0.6005]
[0.5, 0.2, 0.2, 0.95, 0.85, 256, 1167, 0.5592]
[0.7000000000000001, 0.2, 0.2, 0.95, 0.85, 256, 1005, 0.57815]
[0.9, 0.2, 0.2, 0.95, 0.85, 256, 466, 0.59475]
[0.1, 0.2, 0.2, 0.95, 0.85, 576, 2547, 0.6031]
[0.30000000000000004, 0.2, 0.2, 0.95, 0.85, 576, 2547, 0.6031]
[0.5, 0.2, 0.2, 0.95, 0.85, 576, 2489, 0.5615]
[0.7000000000000001, 0.2, 0.2, 0.95, 0.85, 576, 2354, 0.58635]
[0.9, 0.2, 0.2, 0.95, 0.85, 576, 1082, 0.602]
