[0.1, 0.2, 0.2, 0.95, 0.85, 64, -1, 0.5]
[0.30000000000000004, 0.2, 0.2, 0.95, 0.85, 64, -1, 0.5]
[0.5, 0.2, 0.2, 0.95, 0.85, 64, -1, 0.5]
[0.7000000000000001, 0.2, 0.2, 0.95, 0.85, 64, -1, 0.5]
[0.9, 0.2, 0.2, 0.95, 0.85, 64, -1, 0.5]
[0.1, 0.2, 0.2, 0.95, 0.85, 256, -1, 0.5]
[0.30000000000000004, 0.2, 0.2, 0.95, 0.85, 256, -1, 0.5]
[0.5, 0.2, 0.2, 0.95, 0.85, 256, -1, 0.5]
[0.7000000000000001, 0.2, 0.2, 0.95, 0.85, 256, -1, 0.5]
[0.9, 0.2, 0.2, 0.95, 0.85, 256, -1, 0.5]
[0.1, 0.2, 0.2, 0.95, 0.85, 576, -1, 0.5]
[0.30000000000000004, 0.2, 0.2, 0.95, 0.85, 576, -1, 0.5]
[0.5, 0.2, 0.2, 0.95, 0.85, 576, -1, 0.5]
[0.7000000000000001, 0.2, 0.2, 0.95, 0.85, 576, 0, 0.5031]
[0.9, 0.2, 0.2, 0.95, 0.85, 576, 2, 0.7081]
[0.1, 0.2, 0.2, 0.95, 0.85, 128, -1, 0.5]
[0.30000000000000004, 0.2, 0.2, 0.95, 0.85, 128, 3, 0.8123]
[0.5, 0.2, 0.2, 0.95, 0.85, 128, 6, 0.70715]
[0.7000000000000001, 0.2, 0.2, 0.95, 0.85, 128, 5, 0.5641]
[0.9, 0.2, 0.2, 0.95, 0.85, 128, -1, 0.5]
[0.1, 0.2, 0.2, 0.95, 0.85, 512, 4, 0.73625]
[0.30000000000000004, 0.2, 0.2, 0.95, 0.85, 512, 35, 0.79635]
[0.5, 0.2, 0.2, 0.95, 0.85, 512, 57, 0.7043]
[0.7000000000000001, 0.2, 0.2, 0.95, 0.85, 512, 38, 0.52535]
[0.9, 0.2, 0.2, 0.95, 0.85, 512, 4, 0.5017]
[0.1, 0.2, 0.2, 0.95, 0.85, 1152, 20, 0.78565]
[0.30000000000000004, 0.2, 0.2, 0.95, 0.85, 1152, 104, 0.79535]
[0.5, 0.2, 0.2, 0.95, 0.85, 1152, 155, 0.6694]
[0.7000000000000001, 0.2, 0.2, 0.95, 0.85, 1152, 73, 0.52285]
[0.9, 0.2, 0.2, 0.95, 0.85, 1152, 26, 0.51105]
[0.1, 0.2, 0.2, 0.95, 0.85, 256, 0, 0.62295]
[0.30000000000000004, 0.2, 0.2, 0.95, 0.85, 256, 4, 0.7501]
[0.5, 0.2, 0.2, 0.95, 0.85, 256, 8, 0.79915]
[0.7000000000000001, 0.2, 0.2, 0.95, 0.85, 256, 9, 0.80605]
[0.9, 0.2, 0.2, 0.95, 0.85, 256, 4, 0.7921]
[0.1, 0.2, 0.2, 0.95, 0.85, 1024, 15, 0.5533]
[0.30000000000000004, 0.2, 0.2, 0.95, 0.85, 1024, 72, 0.72615]
[0.5, 0.2, 0.2, 0.95, 0.85, 1024, 102, 0.73015]
[0.7000000000000001, 0.2, 0.2, 0.95, 0.85, 1024, 91, 0.76995]
[0.9, 0.2, 0.2, 0.95, 0.85, 1024, 36, 0.76395]
[0.1, 0.2, 0.2, 0.95, 0.85, 2304, 98, 0.54745]
[0.30000000000000004, 0.2, 0.2, 0.95, 0.85, 2304, 189, 0.74845]
[0.5, 0.2, 0.2, 0.95, 0.85, 2304, 263, 0.77565]
[0.7000000000000001, 0.2, 0.2, 0.95, 0.85, 2304, 226, 0.77075]
[0.9, 0.2, 0.2, 0.95, 0.85, 2304, 88, 0.7604]
[0.1, 0.2, 0.2, 0.95, 0.85, 512, 1, 0.6226]
[0.30000000000000004, 0.2, 0.2, 0.95, 0.85, 512, 4, 0.7874]
[0.5, 0.2, 0.2, 0.95, 0.85, 512, 11, 0.92495]
[0.7000000000000001, 0.2, 0.2, 0.95, 0.85, 512, 8, 0.9435]
[0.9, 0.2, 0.2, 0.95, 0.85, 512, 0, 0.9517]
[0.1, 0.2, 0.2, 0.95, 0.85, 2048, 87, 0.79145]
[0.30000000000000004, 0.2, 0.2, 0.95, 0.85, 2048, 87, 0.79145]
[0.5, 0.2, 0.2, 0.95, 0.85, 2048, 73, 0.7361]
[0.7000000000000001, 0.2, 0.2, 0.95, 0.85, 2048, 77, 0.92405]
[0.9, 0.2, 0.2, 0.95, 0.85, 2048, 15, 0.96665]
[0.1, 0.2, 0.2, 0.95, 0.85, 4608, 196, 0.77465]
[0.30000000000000004, 0.2, 0.2, 0.95, 0.85, 4608, 196, 0.77465]
[0.5, 0.2, 0.2, 0.95, 0.85, 4608, 155, 0.7105]
[0.7000000000000001, 0.2, 0.2, 0.95, 0.85, 4608, 177, 0.9098]
[0.9, 0.2, 0.2, 0.95, 0.85, 4608, 38, 0.9644]
[0.1, 0.2, 0.2, 0.95, 0.85, 512, 0, 0.5112]
[0.30000000000000004, 0.2, 0.2, 0.95, 0.85, 512, 0, 0.5112]
[0.5, 0.2, 0.2, 0.95, 0.85, 512, 0, 0.5112]
[0.7000000000000001, 0.2, 0.2, 0.95, 0.85, 512, 0, 0.5112]
[0.9, 0.2, 0.2, 0.95, 0.85, 512, 0, 0.5112]
[0.1, 0.2, 0.2, 0.95, 0.85, 2048, 0, 0.6317]
[0.30000000000000004, 0.2, 0.2, 0.95, 0.85, 2048, 0, 0.6317]
[0.5, 0.2, 0.2, 0.95, 0.85, 2048, 0, 0.6317]
[0.7000000000000001, 0.2, 0.2, 0.95, 0.85, 2048, 0, 0.6317]
[0.9, 0.2, 0.2, 0.95, 0.85, 2048, 0, 0.6317]
[0.1, 0.2, 0.2, 0.95, 0.85, 4608, 0, 0.6317]
[0.30000000000000004, 0.2, 0.2, 0.95, 0.85, 4608, 0, 0.6317]
[0.5, 0.2, 0.2, 0.95, 0.85, 4608, 0, 0.6317]
[0.7000000000000001, 0.2, 0.2, 0.95, 0.85, 4608, 0, 0.6317]
[0.9, 0.2, 0.2, 0.95, 0.85, 4608, 0, 0.6317]
[0.1, 0.2, 0.2, 0.95, 0.85, 4096, 0, 0.67015]
[0.30000000000000004, 0.2, 0.2, 0.95, 0.85, 4096, 0, 0.67015]
[0.5, 0.2, 0.2, 0.95, 0.85, 4096, 0, 0.67015]
[0.7000000000000001, 0.2, 0.2, 0.95, 0.85, 4096, 0, 0.67015]
[0.9, 0.2, 0.2, 0.95, 0.85, 4096, 0, 0.67015]
[0.1, 0.2, 0.2, 0.95, 0.85, 4096, 2, 0.7495]
[0.30000000000000004, 0.2, 0.2, 0.95, 0.85, 4096, 2, 0.7495]
[0.5, 0.2, 0.2, 0.95, 0.85, 4096, 2, 0.7495]
[0.7000000000000001, 0.2, 0.2, 0.95, 0.85, 4096, 2, 0.7495]
[0.9, 0.2, 0.2, 0.95, 0.85, 4096, 13, 0.9695]
