[0.1, 0.2, 0.2, 0.95, 0.85, 64, -1, 0.5]
[0.30000000000000004, 0.2, 0.2, 0.95, 0.85, 64, 0, 0.50485]
[0.5, 0.2, 0.2, 0.95, 0.85, 64, 0, 0.50565]
[0.7000000000000001, 0.2, 0.2, 0.95, 0.85, 64, 0, 0.5125]
[0.9, 0.2, 0.2, 0.95, 0.85, 64, 0, 0.5082]
[0.1, 0.2, 0.2, 0.95, 0.85, 256, 0, 0.50025]
[0.30000000000000004, 0.2, 0.2, 0.95, 0.85, 256, 0, 0.5423]
[0.5, 0.2, 0.2, 0.95, 0.85, 256, 1, 0.52505]
[0.7000000000000001, 0.2, 0.2, 0.95, 0.85, 256, 2, 0.5408]
[0.9, 0.2, 0.2, 0.95, 0.85, 256, 0, 0.5238]
[0.1, 0.2, 0.2, 0.95, 0.85, 576, 0, 0.5227]
[0.30000000000000004, 0.2, 0.2, 0.95, 0.85, 576, 5, 0.5494]
[0.5, 0.2, 0.2, 0.95, 0.85, 576, 8, 0.5318]
[0.7000000000000001, 0.2, 0.2, 0.95, 0.85, 576, 10, 0.5452]
[0.9, 0.2, 0.2, 0.95, 0.85, 576, 4, 0.5346]
[0.1, 0.2, 0.2, 0.95, 0.85, 128, -1, 0.5]
[0.30000000000000004, 0.2, 0.2, 0.95, 0.85, 128, 2, 0.59845]
[0.5, 0.2, 0.2, 0.95, 0.85, 128, 6, 0.59065]
[0.7000000000000001, 0.2, 0.2, 0.95, 0.85, 128, 5, 0.56975]
[0.9, 0.2, 0.2, 0.95, 0.85, 128, 1, 0.54]
[0.1, 0.2, 0.2, 0.95, 0.85, 512, 4, 0.55735]
[0.30000000000000004, 0.2, 0.2, 0.95, 0.85, 512, 33, 0.60185]
[0.5, 0.2, 0.2, 0.95, 0.85, 512, 57, 0.5985]
[0.7000000000000001, 0.2, 0.2, 0.95, 0.85, 512, 52, 0.59195]
[0.9, 0.2, 0.2, 0.95, 0.85, 512, 20, 0.5631]
[0.1, 0.2, 0.2, 0.95, 0.85, 1152, 17, 0.55625]
[0.30000000000000004, 0.2, 0.2, 0.95, 0.85, 1152, 101, 0.6093]
[0.5, 0.2, 0.2, 0.95, 0.85, 1152, 152, 0.61225]
[0.7000000000000001, 0.2, 0.2, 0.95, 0.85, 1152, 142, 0.61565]
[0.9, 0.2, 0.2, 0.95, 0.85, 1152, 62, 0.59075]
[0.1, 0.2, 0.2, 0.95, 0.85, 256, 0, 0.57445]
[0.30000000000000004, 0.2, 0.2, 0.95, 0.85, 256, 3, 0.66465]
[0.5, 0.2, 0.2, 0.95, 0.85, 256, 8, 0.7108]
[0.7000000000000001, 0.2, 0.2, 0.95, 0.85, 256, 8, 0.72095]
[0.9, 0.2, 0.2, 0.95, 0.85, 256, 3, 0.71395]
[0.1, 0.2, 0.2, 0.95, 0.85, 1024, 20, 0.562]
[0.30000000000000004, 0.2, 0.2, 0.95, 0.85, 1024, 76, 0.6669]
[0.5, 0.2, 0.2, 0.95, 0.85, 1024, 99, 0.70805]
[0.7000000000000001, 0.2, 0.2, 0.95, 0.85, 1024, 91, 0.72555]
[0.9, 0.2, 0.2, 0.95, 0.85, 1024, 38, 0.71575]
[0.1, 0.2, 0.2, 0.95, 0.85, 2304, 131, 0.5739]
[0.30000000000000004, 0.2, 0.2, 0.95, 0.85, 2304, 194, 0.6618]
[0.5, 0.2, 0.2, 0.95, 0.85, 2304, 263, 0.69875]
[0.7000000000000001, 0.2, 0.2, 0.95, 0.85, 2304, 225, 0.7221]
[0.9, 0.2, 0.2, 0.95, 0.85, 2304, 101, 0.721]
[0.1, 0.2, 0.2, 0.95, 0.85, 512, 1, 0.52925]
[0.30000000000000004, 0.2, 0.2, 0.95, 0.85, 512, 3, 0.7442]
[0.5, 0.2, 0.2, 0.95, 0.85, 512, 8, 0.8637]
[0.7000000000000001, 0.2, 0.2, 0.95, 0.85, 512, 6, 0.92005]
[0.9, 0.2, 0.2, 0.95, 0.85, 512, 0, 0.9373]
[0.1, 0.2, 0.2, 0.95, 0.85, 2048, 77, 0.74495]
[0.30000000000000004, 0.2, 0.2, 0.95, 0.85, 2048, 77, 0.74495]
[0.5, 0.2, 0.2, 0.95, 0.85, 2048, 62, 0.7011]
[0.7000000000000001, 0.2, 0.2, 0.95, 0.85, 2048, 71, 0.87135]
[0.9, 0.2, 0.2, 0.95, 0.85, 2048, 14, 0.9507]
[0.1, 0.2, 0.2, 0.95, 0.85, 4608, 181, 0.7416]
[0.30000000000000004, 0.2, 0.2, 0.95, 0.85, 4608, 181, 0.7416]
[0.5, 0.2, 0.2, 0.95, 0.85, 4608, 147, 0.6948]
[0.7000000000000001, 0.2, 0.2, 0.95, 0.85, 4608, 159, 0.86605]
[0.9, 0.2, 0.2, 0.95, 0.85, 4608, 34, 0.94635]
[0.1, 0.2, 0.2, 0.95, 0.85, 512, 0, 0.5035]
[0.30000000000000004, 0.2, 0.2, 0.95, 0.85, 512, 0, 0.5035]
[0.5, 0.2, 0.2, 0.95, 0.85, 512, 0, 0.5035]
[0.7000000000000001, 0.2, 0.2, 0.95, 0.85, 512, 0, 0.5035]
[0.9, 0.2, 0.2, 0.95, 0.85, 512, 0, 0.5035]
[0.1, 0.2, 0.2, 0.95, 0.85, 2048, 0, 0.6092]
[0.30000000000000004, 0.2, 0.2, 0.95, 0.85, 2048, 0, 0.6092]
[0.5, 0.2, 0.2, 0.95, 0.85, 2048, 0, 0.6092]
[0.7000000000000001, 0.2, 0.2, 0.95, 0.85, 2048, 0, 0.6092]
[0.9, 0.2, 0.2, 0.95, 0.85, 2048, 0, 0.6092]
[0.1, 0.2, 0.2, 0.95, 0.85, 4608, 0, 0.6092]
[0.30000000000000004, 0.2, 0.2, 0.95, 0.85, 4608, 0, 0.6092]
[0.5, 0.2, 0.2, 0.95, 0.85, 4608, 0, 0.6092]
[0.7000000000000001, 0.2, 0.2, 0.95, 0.85, 4608, 0, 0.6092]
[0.9, 0.2, 0.2, 0.95, 0.85, 4608, 0, 0.6092]
[0.1, 0.2, 0.2, 0.95, 0.85, 4096, 0, 0.67305]
[0.30000000000000004, 0.2, 0.2, 0.95, 0.85, 4096, 0, 0.67305]
[0.5, 0.2, 0.2, 0.95, 0.85, 4096, 0, 0.67305]
[0.7000000000000001, 0.2, 0.2, 0.95, 0.85, 4096, 0, 0.67305]
[0.9, 0.2, 0.2, 0.95, 0.85, 4096, 0, 0.67305]
[0.1, 0.2, 0.2, 0.95, 0.85, 4096, 3, 0.75465]
[0.30000000000000004, 0.2, 0.2, 0.95, 0.85, 4096, 3, 0.75465]
[0.5, 0.2, 0.2, 0.95, 0.85, 4096, 3, 0.75465]
[0.7000000000000001, 0.2, 0.2, 0.95, 0.85, 4096, 3, 0.75465]
[0.9, 0.2, 0.2, 0.95, 0.85, 4096, 9, 0.9628]
